ERA
Ejecucion 1
NHO: 8
cm
12 4 4 1 2 0 0 0 0 
4 10 7 9 6 0 0 0 0 
4 9 16 9 5 1 1 0 0 
0 3 10 12 15 0 3 0 0 
1 0 12 7 15 2 3 0 0 
1 2 4 4 10 2 6 0 0 
0 1 3 1 6 2 9 0 0 
0 0 0 0 1 0 6 0 1 
0 0 0 0 0 0 0 0 4 
ccr: 0.320000
mae: 1.156000

Ejecucion 2
NHO: 8
cm
12 0 8 2 1 0 0 0 0 
4 3 15 8 6 0 0 0 0 
4 3 22 9 6 0 1 0 0 
0 0 13 17 10 0 3 0 0 
1 0 13 7 16 0 3 0 0 
1 0 7 5 10 0 6 0 0 
0 0 5 3 5 0 9 0 0 
0 0 0 0 1 0 6 0 1 
0 0 0 0 0 0 0 0 4 
ccr: 0.332000
mae: 1.164000

Ejecucion 3
NHO: 8
cm
2 14 0 7 0 0 0 0 0 
0 15 0 20 0 1 0 0 0 
1 12 0 30 0 1 1 0 0 
0 7 0 31 0 2 3 0 0 
0 4 0 27 0 6 3 0 0 
0 4 0 16 0 3 6 0 0 
0 0 0 11 0 2 9 0 0 
0 0 0 1 0 0 6 0 1 
0 0 0 0 0 0 0 0 4 
ccr: 0.256000
mae: 1.232000

Ejecucion 4
NHO: 16
cm
0 13 6 3 0 0 1 0 0 
0 8 12 10 5 0 0 0 0 
0 6 15 12 12 0 1 0 0 
0 1 7 20 14 1 0 0 0 
0 0 7 14 15 2 2 0 0 
0 0 4 8 12 2 2 0 1 
0 0 0 6 4 4 6 0 2 
0 0 0 3 1 1 2 0 1 
0 0 0 0 0 0 1 0 3 
ccr: 0.276000
mae: 1.172000

Ejecucion 5
NHO: 16
cm
0 3 17 2 0 1 0 0 0 
0 4 18 6 6 1 0 0 0 
0 1 25 6 10 4 0 0 0 
0 0 14 15 10 4 0 0 0 
0 0 11 11 5 13 0 0 0 
0 0 5 2 11 11 0 0 0 
0 0 0 3 5 14 0 0 0 
0 0 0 3 1 4 0 0 0 
0 0 0 0 0 4 0 0 0 
ccr: 0.240000
mae: 1.260000

Ejecucion 6
NHO: 16
cm
2 13 6 1 0 0 1 0 0 
4 7 12 3 9 0 0 0 0 
0 8 20 2 13 2 1 0 0 
0 2 16 3 21 1 0 0 0 
0 1 14 5 15 3 2 0 0 
0 0 6 1 17 2 2 0 1 
0 0 0 1 13 0 6 0 2 
0 0 2 0 3 0 2 0 1 
0 0 0 0 0 0 1 0 3 
ccr: 0.232000
mae: 1.256000

Ejecucion 7
NHO: 16
cm
2 5 12 3 1 0 0 0 0 
1 6 13 14 1 0 1 0 0 
1 2 27 12 4 0 0 0 0 
0 0 13 17 12 1 0 0 0 
0 0 7 13 18 0 1 0 0 
0 1 4 14 9 0 1 0 0 
0 0 2 7 5 6 2 0 0 
0 0 0 2 1 2 3 0 0 
0 0 0 0 0 0 4 0 0 
ccr: 0.288000
mae: 1.188000

Ejecucion 8
NHO: 16
cm
4 7 3 9 0 0 0 0 0 
3 7 4 21 0 0 1 0 0 
1 9 1 35 0 0 0 0 0 
0 1 2 38 0 1 1 0 0 
0 0 0 36 0 2 1 0 0 
2 1 2 21 0 2 0 0 1 
0 0 0 14 0 0 8 0 0 
0 0 0 3 0 0 5 0 0 
0 0 0 0 0 0 2 0 2 
ccr: 0.248000
mae: 1.268000

Ejecucion 9
NHO: 16
cm
4 4 12 0 2 1 0 0 0 
3 5 16 6 5 0 1 0 0 
1 6 23 7 9 0 0 0 0 
0 1 17 9 13 2 1 0 0 
0 0 9 6 22 1 1 0 0 
2 1 7 2 15 1 0 0 1 
0 1 3 1 9 0 8 0 0 
0 0 0 0 3 0 5 0 0 
0 0 0 0 0 0 2 0 2 
ccr: 0.296000
mae: 1.216000

Ejecucion 10
NHO: 16
cm
5 5 8 5 0 0 0 0 0 
0 4 17 14 1 0 0 0 0 
0 6 17 14 8 0 0 0 0 
1 0 7 25 9 0 1 0 0 
0 1 6 18 10 0 4 0 0 
0 2 4 10 10 0 4 0 0 
0 2 2 3 7 0 8 0 0 
0 0 0 1 1 0 5 1 0 
0 0 0 0 0 0 1 3 0 
ccr: 0.280000
mae: 1.180000

Ejecucion 11
NHO: 16
cm
8 4 7 2 2 0 0 0 0 
3 3 18 7 4 0 1 0 0 
2 7 17 7 9 0 3 0 0 
1 3 7 19 10 0 3 0 0 
1 1 10 8 12 0 7 0 0 
1 3 4 6 10 0 6 0 0 
1 0 3 2 7 0 9 0 0 
0 0 0 0 2 0 5 0 1 
0 0 0 0 0 0 1 0 3 
ccr: 0.284000
mae: 1.300000

Ejecucion 12
NHO: 16
cm
8 2 10 0 3 0 0 0 0 
3 1 23 0 9 0 0 0 0 
2 4 22 0 17 0 0 0 0 
1 0 18 4 19 0 1 0 0 
1 0 12 2 20 0 4 0 0 
1 1 7 0 17 0 4 0 0 
1 1 3 0 9 0 8 0 0 
0 0 0 0 2 0 5 0 1 
0 0 0 0 0 0 1 0 3 
ccr: 0.264000
mae: 1.264000

Ejecucion 13
NHO: 1
cm
3 10 5 2 2 0 0 1 0 
3 9 11 6 6 0 0 0 0 
1 5 16 7 15 1 0 1 0 
1 2 16 4 18 1 0 1 0 
0 2 6 2 25 4 0 1 0 
0 1 5 2 16 2 0 3 0 
0 0 1 1 10 5 0 5 0 
0 0 0 0 2 3 0 2 0 
0 0 0 0 1 0 0 4 0 
ccr: 0.244000
mae: 1.252000

Ejecucion 14
NHO: 1
cm
0 12 8 0 2 0 0 1 0 
0 10 17 4 4 0 0 0 0 
0 6 22 6 11 0 0 1 0 
0 2 18 6 16 0 0 1 0 
0 2 6 3 27 0 0 2 0 
0 1 5 3 15 0 0 5 0 
0 0 2 2 12 0 0 6 0 
0 0 0 0 3 0 0 4 0 
0 0 0 0 1 0 0 4 0 
ccr: 0.276000
mae: 1.196000

Ejecucion 15
NHO: 1
cm
0 18 0 2 2 0 1 0 0 
0 23 0 6 6 0 0 0 0 
0 22 0 7 13 3 0 0 1 
0 20 0 3 14 5 1 0 0 
0 9 0 1 20 8 2 0 0 
0 7 0 1 11 5 4 0 1 
0 1 0 1 7 7 5 0 1 
0 0 0 0 2 1 4 0 0 
0 0 0 0 1 0 1 0 3 
ccr: 0.236000
mae: 1.368000

Ejecucion 16
NHO: 32
cm
8 1 5 9 0 0 0 0 0 
4 3 10 17 0 0 1 0 0 
3 4 10 26 0 3 0 0 0 
0 1 1 33 0 8 0 0 0 
0 0 0 29 0 10 0 0 0 
1 1 2 20 0 5 1 0 0 
0 0 2 7 0 4 8 0 1 
0 0 0 2 0 1 4 0 1 
0 0 0 0 0 0 1 0 3 
ccr: 0.280000
mae: 1.208000

Ejecucion 17
NHO: 32
cm
7 4 3 9 0 0 0 0 0 
3 6 4 21 0 0 1 0 0 
1 7 6 32 0 0 0 0 0 
0 0 1 42 0 0 0 0 0 
0 0 0 37 0 0 2 0 0 
1 0 1 26 0 0 2 0 0 
0 0 1 9 0 0 9 2 1 
0 0 0 2 0 0 4 1 1 
0 0 0 0 0 0 0 1 3 
ccr: 0.296000
mae: 1.140000

Ejecucion 18
NHO: 32
cm
7 6 5 1 4 0 0 0 0 
3 8 10 5 8 0 1 0 0 
1 11 13 5 16 0 0 0 0 
0 1 7 7 28 0 0 0 0 
0 0 7 8 22 0 2 0 0 
1 1 2 4 20 0 2 0 0 
0 1 1 2 6 0 11 0 1 
0 0 1 0 1 0 5 0 1 
0 0 0 0 0 0 1 0 3 
ccr: 0.284000
mae: 1.160000

Ejecucion 19
NHO: 4
cm
0 17 0 2 4 0 0 0 0 
0 9 5 13 8 0 0 0 0 
0 13 9 16 6 1 0 0 0 
0 3 5 18 16 0 1 0 0 
0 2 3 14 18 1 2 0 0 
0 4 1 8 14 1 2 0 0 
0 0 1 4 5 4 8 0 0 
0 0 0 1 1 1 3 0 2 
0 0 0 0 0 0 1 0 3 
ccr: 0.264000
mae: 1.184000

Ejecucion 20
NHO: 4
cm
12 1 4 2 4 0 0 0 0 
8 2 2 11 12 0 0 0 0 
9 2 8 14 10 1 1 0 0 
2 1 10 7 20 2 1 0 0 
4 1 1 11 20 0 3 0 0 
5 0 1 3 18 0 3 0 0 
0 0 1 2 5 2 12 0 0 
0 0 0 1 1 0 4 0 2 
0 0 0 0 0 0 1 0 3 
ccr: 0.256000
mae: 1.340000

Ejecucion 21
NHO: 4
cm
0 11 6 2 4 0 0 0 0 
0 7 6 11 11 0 0 0 0 
0 11 11 8 14 1 0 0 0 
0 7 7 9 19 0 1 0 0 
0 4 2 6 25 1 2 0 0 
0 3 4 2 18 1 2 0 0 
0 0 1 2 7 4 8 0 0 
0 0 1 0 1 1 3 2 0 
0 0 0 0 0 0 1 3 0 
ccr: 0.252000
mae: 1.280000

Ejecucion 22
NHO: 8
cm
5 10 0 7 1 0 0 0 0 
2 11 0 20 2 0 0 0 0 
1 8 0 32 5 0 0 0 0 
0 2 0 29 10 0 2 0 0 
0 1 0 22 12 0 5 0 0 
0 5 0 12 10 0 1 0 1 
0 0 0 7 7 0 8 0 0 
0 0 0 2 1 0 4 0 0 
0 0 0 1 0 0 0 0 4 
ccr: 0.276000
mae: 1.212000

Ejecucion 23
NHO: 8
cm
3 14 3 2 1 0 0 0 0 
2 15 7 9 1 1 0 0 0 
0 15 9 17 3 2 0 0 0 
0 5 11 17 7 1 2 0 0 
0 1 5 17 8 5 4 0 0 
0 5 6 5 11 0 1 0 1 
0 1 2 6 4 1 8 0 0 
0 0 0 2 1 2 2 0 0 
0 0 0 1 0 0 0 0 4 
ccr: 0.256000
mae: 1.248000

Ejecucion 24
NHO: 8
cm
5 12 1 4 1 0 0 0 0 
2 14 6 11 2 0 0 0 0 
1 15 6 19 5 0 0 0 0 
0 5 9 19 8 0 2 0 0 
0 1 2 20 12 0 5 0 0 
0 4 3 9 11 0 1 0 1 
0 1 1 7 5 0 8 0 0 
0 0 0 2 1 0 4 0 0 
0 0 0 1 0 0 0 0 4 
ccr: 0.272000
mae: 1.200000

Ejecucion 25
NHO: 32
cm
8 5 5 3 1 0 1 0 0 
5 6 7 16 1 0 0 0 0 
1 5 12 14 9 0 3 0 1 
2 2 8 19 10 0 2 0 0 
0 0 5 19 13 0 3 0 0 
2 2 3 7 10 0 6 0 0 
1 0 2 3 6 0 9 0 1 
0 0 0 3 1 0 4 0 0 
0 0 0 0 0 0 1 0 3 
ccr: 0.280000
mae: 1.288000

Ejecucion 26
NHO: 32
cm
9 5 3 0 5 0 1 0 0 
7 6 4 0 18 0 0 0 0 
4 5 5 0 27 1 2 0 1 
3 2 4 0 32 1 1 0 0 
0 3 3 0 31 1 2 0 0 
3 3 1 0 17 1 5 0 0 
1 1 1 0 9 1 8 0 1 
0 0 1 0 3 0 4 0 0 
0 0 0 0 0 0 1 0 3 
ccr: 0.252000
mae: 1.472000

Ejecucion 27
NHO: 32
cm
8 3 5 2 4 0 1 0 0 
5 4 8 2 16 0 0 0 0 
1 7 7 2 24 0 3 0 1 
2 1 5 9 24 0 2 0 0 
0 2 5 2 28 0 3 0 0 
2 2 5 0 15 0 6 0 0 
1 0 2 1 8 0 9 0 1 
0 0 1 0 3 0 4 0 0 
0 0 0 0 0 0 1 0 3 
ccr: 0.272000
mae: 1.436000

Ejecucion 28
NHO: 32
cm
0 10 7 5 1 0 0 0 0 
0 8 15 11 2 0 0 0 0 
0 8 10 16 12 0 0 0 0 
0 1 9 12 21 0 0 0 0 
0 1 7 10 22 0 0 0 0 
0 3 4 1 19 2 0 0 0 
0 0 1 3 15 3 0 0 0 
0 0 0 0 5 2 0 0 0 
0 0 0 0 0 4 0 0 0 
ccr: 0.216000
mae: 1.260000

Ejecucion 29
NHO: 32
cm
5 8 4 5 1 0 0 0 0 
0 2 17 14 3 0 0 0 0 
1 3 18 16 6 2 0 0 0 
0 0 8 16 17 2 0 0 0 
0 1 4 17 15 3 0 0 0 
0 2 3 8 11 3 1 0 1 
0 0 2 2 6 9 3 0 0 
0 0 0 1 0 4 1 0 1 
0 0 0 0 0 0 0 0 4 
ccr: 0.264000
mae: 1.140000

Ejecucion 30
NHO: 32
cm
0 14 2 6 1 0 0 0 0 
0 9 10 15 2 0 0 0 0 
0 10 7 21 7 1 0 0 0 
0 1 4 20 17 1 0 0 0 
0 2 2 16 17 3 0 0 0 
0 3 3 7 11 3 2 0 0 
0 0 2 2 5 10 3 0 0 
0 0 0 0 1 4 2 0 0 
0 0 0 0 0 0 4 0 0 
ccr: 0.236000
mae: 1.164000

ESL
Ejecucion 1
NHO: 32
cm
0 0 0 0 0 0 0 0 0 
0 1 2 0 0 0 0 0 0 
0 0 8 2 0 0 0 0 0 
0 0 2 19 4 0 0 0 0 
0 0 0 2 26 1 0 0 0 
0 0 0 0 2 28 4 0 0 
0 0 0 0 0 4 10 1 0 
0 0 0 0 0 0 4 1 0 
0 0 0 0 0 0 1 0 0 
ccr: 0.762295
mae: 0.245902

Ejecucion 2
NHO: 32
cm
0 0 0 0 0 0 0 0 0 
0 3 0 0 0 0 0 0 0 
0 0 7 3 0 0 0 0 0 
0 1 4 17 3 0 0 0 0 
0 0 0 2 25 2 0 0 0 
0 0 0 0 1 30 3 0 0 
0 0 0 0 0 5 10 0 0 
0 0 0 0 0 0 4 1 0 
0 0 0 0 0 0 1 0 0 
ccr: 0.762295
mae: 0.254098

Ejecucion 3
NHO: 32
cm
0 0 0 0 0 0 0 0 0 
0 0 3 0 0 0 0 0 0 
0 0 7 3 0 0 0 0 0 
0 1 3 18 3 0 0 0 0 
0 0 0 2 24 3 0 0 0 
0 0 0 0 0 28 6 0 0 
0 0 0 0 0 4 11 0 0 
0 0 0 0 0 0 5 0 0 
0 0 0 0 0 0 1 0 0 
ccr: 0.721311
mae: 0.295082

Ejecucion 4
NHO: 32
cm
0 0 0 0 0 0 0 0 0 
0 3 0 0 0 0 0 0 0 
0 1 7 1 0 0 0 0 0 
0 1 6 17 1 0 0 0 0 
0 0 0 4 22 3 0 0 0 
0 0 0 0 5 28 1 0 0 
0 0 0 0 0 7 7 2 0 
0 0 0 0 0 1 2 2 0 
0 0 0 0 0 0 0 1 0 
ccr: 0.704918
mae: 0.311475

Ejecucion 5
NHO: 32
cm
0 0 0 0 0 0 0 0 0 
0 3 0 0 0 0 0 0 0 
0 0 7 2 0 0 0 0 0 
0 1 4 20 0 0 0 0 0 
0 0 0 6 20 3 0 0 0 
0 0 0 0 5 28 1 0 0 
0 0 0 0 0 6 9 1 0 
0 0 0 0 0 1 2 1 1 
0 0 0 0 0 0 0 1 0 
ccr: 0.721311
mae: 0.295082

Ejecucion 6
NHO: 32
cm
0 0 0 0 0 0 0 0 0 
0 2 1 0 0 0 0 0 0 
0 0 8 1 0 0 0 0 0 
0 1 5 17 2 0 0 0 0 
0 0 0 4 21 4 0 0 0 
0 0 0 0 5 29 0 0 0 
0 0 0 0 0 6 8 0 2 
0 0 0 0 0 1 1 1 2 
0 0 0 0 0 0 0 0 1 
ccr: 0.713115
mae: 0.319672

Ejecucion 7
NHO: 32
cm
0 0 0 0 0 0 0 0 0 
0 2 1 0 0 0 0 0 0 
0 1 5 4 0 0 0 0 0 
0 1 2 20 2 0 0 0 0 
0 0 0 3 24 2 0 0 0 
0 0 0 0 4 27 3 0 0 
0 0 0 0 0 5 10 0 0 
0 0 0 0 0 0 5 0 0 
0 0 0 0 0 0 0 0 1 
ccr: 0.729508
mae: 0.278689

Ejecucion 8
NHO: 32
cm
0 0 0 0 0 0 0 0 0 
0 1 2 0 0 0 0 0 0 
0 0 4 6 0 0 0 0 0 
0 1 3 15 6 0 0 0 0 
0 0 0 3 22 4 0 0 0 
0 0 0 0 1 24 9 0 0 
0 0 0 0 0 6 9 0 0 
0 0 0 0 0 1 4 0 0 
0 0 0 0 0 0 1 0 0 
ccr: 0.614754
mae: 0.409836

Ejecucion 9
NHO: 32
cm
0 0 0 0 0 0 0 0 0 
0 0 3 0 0 0 0 0 0 
0 1 6 3 0 0 0 0 0 
0 0 3 15 7 0 0 0 0 
0 0 0 0 22 7 0 0 0 
0 0 0 0 1 20 13 0 0 
0 0 0 0 0 3 12 0 0 
0 0 0 0 0 0 5 0 0 
0 0 0 0 0 0 0 1 0 
ccr: 0.614754
mae: 0.385246

Ejecucion 10
NHO: 32
cm
0 0 0 0 0 0 0 0 0 
0 3 0 0 0 0 0 0 0 
0 3 5 1 0 0 0 0 0 
0 1 1 17 5 1 0 0 0 
0 0 0 1 26 2 0 0 0 
0 0 0 0 7 25 2 0 0 
0 0 0 0 0 3 13 0 0 
0 0 0 0 0 0 5 0 0 
0 0 0 0 0 0 0 1 0 
ccr: 0.729508
mae: 0.286885

Ejecucion 11
NHO: 32
cm
0 0 0 0 0 0 0 0 0 
0 3 0 0 0 0 0 0 0 
0 3 5 1 0 0 0 0 0 
0 1 2 17 4 1 0 0 0 
0 0 0 1 26 2 0 0 0 
0 0 0 0 7 22 5 0 0 
0 0 0 0 0 2 14 0 0 
0 0 0 0 0 0 5 0 0 
0 0 0 0 0 0 0 1 0 
ccr: 0.713115
mae: 0.303279

Ejecucion 12
NHO: 32
cm
0 0 0 0 0 0 0 0 0 
0 3 0 0 0 0 0 0 0 
0 4 4 1 0 0 0 0 0 
0 1 2 16 5 1 0 0 0 
0 0 0 0 26 3 0 0 0 
0 0 0 0 4 26 4 0 0 
0 0 0 0 0 3 12 1 0 
0 0 0 0 0 0 4 1 0 
0 0 0 0 0 0 0 1 0 
ccr: 0.721311
mae: 0.295082

Ejecucion 13
NHO: 1
cm
0 0 0 0 0 0 0 0 0 
0 2 1 0 0 0 0 0 0 
0 2 1 7 0 0 0 0 0 
0 0 0 22 3 0 0 0 0 
0 0 0 2 22 4 1 0 0 
0 0 0 0 3 25 6 0 0 
0 0 0 0 0 4 12 0 0 
0 0 0 0 0 0 3 1 0 
0 0 0 0 0 0 1 0 0 
ccr: 0.696721
mae: 0.319672

Ejecucion 14
NHO: 1
cm
0 0 0 0 0 0 0 0 0 
0 0 3 0 0 0 0 0 0 
0 0 3 7 0 0 0 0 0 
0 0 0 21 4 0 0 0 0 
0 0 0 1 23 4 1 0 0 
0 0 0 0 3 27 4 0 0 
0 0 0 0 0 7 9 0 0 
0 0 0 0 0 1 3 0 0 
0 0 0 0 0 0 1 0 0 
ccr: 0.680328
mae: 0.344262

Ejecucion 15
NHO: 1
cm
0 0 0 0 0 0 0 0 0 
0 1 2 0 0 0 0 0 0 
0 0 6 4 0 0 0 0 0 
0 0 0 21 4 0 0 0 0 
0 0 0 0 24 4 1 0 0 
0 0 0 0 3 26 5 0 0 
0 0 0 0 0 7 9 0 0 
0 0 0 0 0 1 3 0 0 
0 0 0 0 0 0 1 0 0 
ccr: 0.713115
mae: 0.311475

Ejecucion 16
NHO: 32
cm
0 0 0 0 0 0 0 0 0 
0 2 1 0 0 0 0 0 0 
0 0 5 4 0 0 0 0 0 
0 1 0 20 4 0 0 0 0 
0 0 0 0 23 6 0 0 0 
0 0 0 0 3 26 5 0 0 
0 0 0 0 0 5 11 0 0 
0 0 0 0 0 0 3 2 0 
0 0 0 0 0 0 0 1 0 
ccr: 0.729508
mae: 0.278689

Ejecucion 17
NHO: 32
cm
0 0 0 0 0 0 0 0 0 
0 1 2 0 0 0 0 0 0 
0 0 6 3 0 0 0 0 0 
0 0 1 20 4 0 0 0 0 
0 0 0 0 28 1 0 0 0 
0 0 0 0 4 28 2 0 0 
0 0 0 0 0 6 10 0 0 
0 0 0 0 0 0 3 1 1 
0 0 0 0 0 0 0 0 1 
ccr: 0.778689
mae: 0.221311

Ejecucion 18
NHO: 32
cm
0 0 0 0 0 0 0 0 0 
0 2 1 0 0 0 0 0 0 
0 1 4 4 0 0 0 0 0 
0 1 0 20 4 0 0 0 0 
0 0 0 0 27 2 0 0 0 
0 0 0 0 3 26 5 0 0 
0 0 0 0 0 6 10 0 0 
0 0 0 0 0 0 2 2 1 
0 0 0 0 0 0 0 0 1 
ccr: 0.754098
mae: 0.254098

Ejecucion 19
NHO: 8
cm
0 0 0 0 0 0 0 0 0 
0 3 0 0 0 0 0 0 0 
0 2 2 6 0 0 0 0 0 
0 1 0 21 3 0 0 0 0 
0 0 0 7 17 5 0 0 0 
0 0 0 0 6 26 2 0 0 
0 0 0 0 0 4 9 2 0 
0 0 0 0 0 2 1 2 0 
0 0 0 0 0 0 0 1 0 
ccr: 0.655738
mae: 0.368852

Ejecucion 20
NHO: 8
cm
0 0 0 0 0 0 0 0 0 
0 1 2 0 0 0 0 0 0 
0 0 5 5 0 0 0 0 0 
0 0 3 21 1 0 0 0 0 
0 0 0 7 18 4 0 0 0 
0 0 0 0 5 25 4 0 0 
0 0 0 0 0 3 12 0 0 
0 0 0 0 0 1 3 1 0 
0 0 0 0 0 0 0 0 1 
ccr: 0.688525
mae: 0.319672

Ejecucion 21
NHO: 8
cm
0 0 0 0 0 0 0 0 0 
0 0 3 0 0 0 0 0 0 
0 0 3 7 0 0 0 0 0 
0 0 1 21 3 0 0 0 0 
0 0 0 5 19 5 0 0 0 
0 0 0 0 5 27 2 0 0 
0 0 0 0 0 3 12 0 0 
0 0 0 0 0 0 5 0 0 
0 0 0 0 0 0 1 0 0 
ccr: 0.672131
mae: 0.336066

Ejecucion 22
NHO: 16
cm
0 0 0 0 0 0 0 0 0 
0 0 3 0 0 0 0 0 0 
0 0 4 6 0 0 0 0 0 
0 1 1 17 5 1 0 0 0 
0 0 0 2 23 4 0 0 0 
0 0 0 0 4 26 4 0 0 
0 0 0 0 0 4 11 0 0 
0 0 0 0 0 1 4 0 0 
0 0 0 0 0 0 1 0 0 
ccr: 0.663934
mae: 0.368852

Ejecucion 23
NHO: 16
cm
0 0 0 0 0 0 0 0 0 
0 2 1 0 0 0 0 0 0 
0 0 4 6 0 0 0 0 0 
0 1 1 19 3 1 0 0 0 
0 0 0 2 25 2 0 0 0 
0 0 0 0 2 30 2 0 0 
0 0 0 0 1 1 13 0 0 
0 0 0 0 0 0 3 2 0 
0 0 0 0 0 0 1 0 0 
ccr: 0.778689
mae: 0.254098

Ejecucion 24
NHO: 16
cm
0 0 0 0 0 0 0 0 0 
0 2 1 0 0 0 0 0 0 
0 0 1 9 0 0 0 0 0 
0 1 1 17 5 1 0 0 0 
0 0 0 2 23 4 0 0 0 
0 0 0 0 1 30 3 0 0 
0 0 0 0 1 3 11 0 0 
0 0 0 0 0 1 3 1 0 
0 0 0 0 0 0 1 0 0 
ccr: 0.696721
mae: 0.344262

Ejecucion 25
NHO: 16
cm
0 0 0 0 0 0 0 0 0 
0 1 2 0 0 0 0 0 0 
0 0 5 5 0 0 0 0 0 
0 0 1 20 3 1 0 0 0 
0 0 0 2 21 6 0 0 0 
0 0 0 0 3 26 5 0 0 
0 0 0 0 0 0 15 0 0 
0 0 0 0 0 0 4 1 0 
0 0 0 0 0 0 0 1 0 
ccr: 0.729508
mae: 0.278689

Ejecucion 26
NHO: 16
cm
0 0 0 0 0 0 0 0 0 
0 2 1 0 0 0 0 0 0 
0 2 3 5 0 0 0 0 0 
0 0 0 21 3 1 0 0 0 
0 0 0 2 25 2 0 0 0 
0 0 0 0 5 27 2 0 0 
0 0 0 0 0 2 13 0 0 
0 0 0 0 0 0 3 2 0 
0 0 0 0 0 0 0 1 0 
ccr: 0.762295
mae: 0.245902

Ejecucion 27
NHO: 16
cm
0 0 0 0 0 0 0 0 0 
0 1 2 0 0 0 0 0 0 
0 0 3 7 0 0 0 0 0 
0 0 0 21 3 1 0 0 0 
0 0 0 2 25 2 0 0 0 
0 0 0 0 5 25 4 0 0 
0 0 0 0 0 2 13 0 0 
0 0 0 0 0 0 2 3 0 
0 0 0 0 0 0 0 1 0 
ccr: 0.745902
mae: 0.262295

Ejecucion 28
NHO: 16
cm
0 0 0 0 0 0 0 0 0 
0 2 1 0 0 0 0 0 0 
0 4 3 3 0 0 0 0 0 
0 1 1 20 3 0 0 0 0 
0 0 0 5 20 3 1 0 0 
0 0 0 0 2 29 2 0 0 
0 0 0 0 0 5 11 0 0 
0 0 0 0 0 0 3 2 0 
0 0 0 0 0 0 0 1 0 
ccr: 0.713115
mae: 0.303279

Ejecucion 29
NHO: 16
cm
0 0 0 0 0 0 0 0 0 
0 2 1 0 0 0 0 0 0 
0 0 7 3 0 0 0 0 0 
0 1 3 18 3 0 0 0 0 
0 0 0 3 23 2 1 0 0 
0 0 0 0 1 30 2 0 0 
0 0 0 0 1 7 8 0 0 
0 0 0 0 0 0 1 4 0 
0 0 0 0 0 0 0 1 0 
ccr: 0.754098
mae: 0.270492

Ejecucion 30
NHO: 16
cm
0 0 0 0 0 0 0 0 0 
0 3 0 0 0 0 0 0 0 
0 2 4 4 0 0 0 0 0 
0 1 2 20 2 0 0 0 0 
0 0 0 5 20 3 1 0 0 
0 0 0 0 1 29 3 0 0 
0 0 0 0 1 5 10 0 0 
0 0 0 0 0 0 3 1 1 
0 0 0 0 0 0 1 0 0 
ccr: 0.713115
mae: 0.319672

LEV
Ejecucion 1
NHO: 1
cm
14 6 4 0 0 
11 42 16 1 0 
2 19 68 11 0 
0 0 25 25 0 
0 0 2 4 0 
ccr: 0.596000
mae: 0.440000

Ejecucion 2
NHO: 1
cm
12 8 4 0 0 
8 45 16 1 0 
0 21 66 13 0 
0 0 23 27 0 
0 0 2 4 0 
ccr: 0.600000
mae: 0.428000

Ejecucion 3
NHO: 1
cm
9 12 3 0 0 
8 46 14 2 0 
0 21 62 17 0 
0 0 20 30 0 
0 0 2 4 0 
ccr: 0.588000
mae: 0.440000

Ejecucion 4
NHO: 16
cm
13 8 1 2 0 
3 42 24 1 0 
0 23 59 18 0 
0 1 26 23 0 
0 1 1 4 0 
ccr: 0.548000
mae: 0.492000

Ejecucion 5
NHO: 16
cm
0 21 2 1 0 
0 43 26 1 0 
0 21 65 14 0 
0 0 30 20 0 
0 0 2 4 0 
ccr: 0.512000
mae: 0.516000

Ejecucion 6
NHO: 16
cm
11 10 1 2 0 
2 44 23 1 0 
0 23 62 15 0 
0 1 27 22 0 
0 1 1 4 0 
ccr: 0.556000
mae: 0.484000

Ejecucion 7
NHO: 32
cm
9 13 1 0 0 
4 55 10 1 0 
0 16 71 14 0 
0 1 17 31 0 
0 1 0 6 0 
ccr: 0.664000
mae: 0.356000

Ejecucion 8
NHO: 32
cm
8 13 2 0 0 
2 53 14 1 0 
0 14 76 11 0 
0 1 18 30 0 
0 0 1 6 0 
ccr: 0.668000
mae: 0.352000

Ejecucion 9
NHO: 32
cm
12 9 2 0 0 
4 52 12 2 0 
0 16 72 13 0 
0 1 16 32 0 
0 1 0 6 0 
ccr: 0.672000
mae: 0.356000

Ejecucion 10
NHO: 1
cm
14 9 1 0 0 
5 44 20 1 0 
0 17 72 12 0 
0 1 23 25 0 
0 1 1 4 0 
ccr: 0.620000
mae: 0.404000

Ejecucion 11
NHO: 1
cm
14 9 1 0 0 
5 46 17 2 0 
0 18 68 15 0 
0 1 17 31 0 
0 1 1 4 0 
ccr: 0.636000
mae: 0.392000

Ejecucion 12
NHO: 1
cm
14 9 1 0 0 
5 44 19 2 0 
0 17 70 14 0 
0 1 22 26 0 
0 1 1 4 0 
ccr: 0.616000
mae: 0.412000

Ejecucion 13
NHO: 16
cm
12 8 2 1 0 
4 43 21 2 0 
0 21 69 11 0 
0 0 23 27 0 
0 0 0 6 0 
ccr: 0.604000
mae: 0.420000

Ejecucion 14
NHO: 16
cm
8 12 3 0 0 
4 47 18 1 0 
0 16 72 13 0 
0 0 24 26 0 
0 0 0 6 0 
ccr: 0.612000
mae: 0.404000

Ejecucion 15
NHO: 16
cm
13 8 1 1 0 
6 45 18 1 0 
0 16 74 11 0 
0 0 23 27 0 
0 0 0 6 0 
ccr: 0.636000
mae: 0.380000

Ejecucion 16
NHO: 16
cm
10 9 3 1 0 
6 38 23 3 0 
0 11 75 15 0 
0 0 17 32 0 
0 1 1 5 0 
ccr: 0.620000
mae: 0.424000

Ejecucion 17
NHO: 16
cm
10 8 4 1 0 
6 39 22 3 0 
0 13 70 18 0 
0 0 18 30 1 
0 0 2 4 1 
ccr: 0.600000
mae: 0.444000

Ejecucion 18
NHO: 16
cm
11 9 2 1 0 
8 41 18 3 0 
0 13 67 21 0 
0 0 17 32 0 
0 1 1 5 0 
ccr: 0.604000
mae: 0.436000

Ejecucion 19
NHO: 8
cm
10 11 2 0 0 
3 48 17 2 0 
0 30 44 27 0 
0 0 17 33 0 
0 0 1 5 0 
ccr: 0.540000
mae: 0.480000

Ejecucion 20
NHO: 8
cm
9 13 1 0 0 
3 50 16 1 0 
0 30 56 15 0 
0 1 22 27 0 
0 0 1 5 0 
ccr: 0.568000
mae: 0.448000

Ejecucion 21
NHO: 8
cm
13 9 1 0 0 
5 47 18 0 0 
0 29 59 13 0 
0 0 27 23 0 
0 0 2 4 0 
ccr: 0.568000
mae: 0.444000

Ejecucion 22
NHO: 32
cm
14 6 3 0 0 
2 52 16 0 0 
0 21 67 12 1 
0 1 17 30 2 
0 0 0 6 0 
ccr: 0.652000
mae: 0.368000

Ejecucion 23
NHO: 32
cm
15 5 3 0 0 
5 51 14 0 0 
0 26 63 12 0 
0 1 17 32 0 
0 0 0 6 0 
ccr: 0.644000
mae: 0.372000

Ejecucion 24
NHO: 32
cm
14 6 3 0 0 
3 49 18 0 0 
0 21 69 10 1 
0 1 17 30 2 
0 0 0 6 0 
ccr: 0.648000
mae: 0.372000

Ejecucion 25
NHO: 1
cm
13 9 2 0 0 
5 45 19 1 0 
0 19 69 12 0 
0 1 21 28 0 
0 0 1 5 0 
ccr: 0.620000
mae: 0.400000

Ejecucion 26
NHO: 1
cm
4 18 2 0 0 
3 47 18 2 0 
0 19 68 13 0 
0 1 18 31 0 
0 0 1 5 0 
ccr: 0.600000
mae: 0.424000

Ejecucion 27
NHO: 1
cm
13 9 2 0 0 
5 45 19 1 0 
0 19 69 12 0 
0 1 21 28 0 
0 0 1 5 0 
ccr: 0.620000
mae: 0.400000

Ejecucion 28
NHO: 1
cm
0 22 2 0 0 
0 48 21 1 0 
0 18 80 2 0 
0 0 33 17 0 
0 0 4 2 0 
ccr: 0.580000
mae: 0.448000

Ejecucion 29
NHO: 1
cm
13 9 2 0 0 
0 54 13 3 0 
0 18 73 9 0 
0 1 23 26 0 
0 0 3 3 0 
ccr: 0.664000
mae: 0.372000

Ejecucion 30
NHO: 1
cm
0 22 2 0 0 
0 49 19 2 0 
0 25 67 8 0 
0 1 26 23 0 
0 0 2 4 0 
ccr: 0.556000
mae: 0.472000

SWD
Ejecucion 1
NHO: 8
cm
0 6 2 0 
0 56 30 2 
0 24 60 15 
0 2 31 22 
ccr: 0.552000
mae: 0.472000

Ejecucion 2
NHO: 8
cm
0 8 0 0 
0 59 25 4 
0 22 65 12 
0 1 33 21 
ccr: 0.580000
mae: 0.440000

Ejecucion 3
NHO: 8
cm
0 6 2 0 
0 50 36 2 
0 19 69 11 
0 1 31 23 
ccr: 0.568000
mae: 0.452000

Ejecucion 4
NHO: 8
cm
0 8 0 0 
0 59 29 0 
0 31 61 8 
0 2 34 18 
ccr: 0.552000
mae: 0.456000

Ejecucion 5
NHO: 8
cm
0 8 0 0 
0 61 24 3 
0 31 60 9 
0 5 24 25 
ccr: 0.584000
mae: 0.448000

Ejecucion 6
NHO: 8
cm
0 8 0 0 
0 55 30 3 
0 24 63 13 
0 3 25 26 
ccr: 0.576000
mae: 0.448000

Ejecucion 7
NHO: 16
cm
0 8 0 0 
0 62 21 5 
0 21 59 20 
0 1 26 27 
ccr: 0.592000
mae: 0.432000

Ejecucion 8
NHO: 16
cm
0 8 0 0 
0 60 25 3 
0 19 69 12 
0 1 32 21 
ccr: 0.600000
mae: 0.416000

Ejecucion 9
NHO: 16
cm
1 7 0 0 
0 56 24 8 
0 19 63 18 
0 2 32 20 
ccr: 0.560000
mae: 0.480000

Ejecucion 10
NHO: 8
cm
0 8 0 0 
0 54 32 2 
0 21 68 11 
0 0 33 21 
ccr: 0.572000
mae: 0.436000

Ejecucion 11
NHO: 8
cm
1 7 0 0 
1 52 33 2 
0 18 75 7 
0 1 25 28 
ccr: 0.624000
mae: 0.388000

Ejecucion 12
NHO: 8
cm
0 8 0 0 
0 57 27 4 
0 24 61 15 
0 0 26 28 
ccr: 0.584000
mae: 0.432000

Ejecucion 13
NHO: 16
cm
0 7 1 0 
0 58 30 0 
0 17 69 13 
0 0 26 29 
ccr: 0.624000
mae: 0.380000

Ejecucion 14
NHO: 16
cm
0 7 1 0 
2 60 26 0 
0 22 65 12 
0 0 30 25 
ccr: 0.600000
mae: 0.404000

Ejecucion 15
NHO: 16
cm
0 6 2 0 
0 53 34 1 
0 17 65 17 
0 0 23 32 
ccr: 0.600000
mae: 0.412000

Ejecucion 16
NHO: 8
cm
0 8 0 0 
0 62 24 2 
0 26 61 12 
0 1 31 23 
ccr: 0.584000
mae: 0.428000

Ejecucion 17
NHO: 8
cm
0 7 1 0 
0 56 29 3 
0 26 60 13 
0 0 37 18 
ccr: 0.536000
mae: 0.480000

Ejecucion 18
NHO: 8
cm
0 7 1 0 
0 61 22 5 
0 26 54 19 
0 1 28 26 
ccr: 0.564000
mae: 0.464000

Ejecucion 19
NHO: 8
cm
1 6 1 0 
1 67 19 1 
0 30 57 13 
0 3 32 19 
ccr: 0.576000
mae: 0.444000

Ejecucion 20
NHO: 8
cm
0 7 1 0 
0 68 20 0 
0 32 57 11 
0 0 39 15 
ccr: 0.560000
mae: 0.444000

Ejecucion 21
NHO: 8
cm
0 7 1 0 
0 67 20 1 
0 26 62 12 
0 1 36 17 
ccr: 0.584000
mae: 0.428000

Ejecucion 22
NHO: 8
cm
0 7 1 0 
0 54 31 3 
0 26 54 20 
0 3 28 23 
ccr: 0.524000
mae: 0.504000

Ejecucion 23
NHO: 8
cm
0 5 3 0 
0 53 34 1 
0 23 65 12 
0 3 29 22 
ccr: 0.560000
mae: 0.468000

Ejecucion 24
NHO: 8
cm
0 7 1 0 
0 50 34 4 
0 26 54 20 
0 2 22 30 
ccr: 0.536000
mae: 0.492000

Ejecucion 25
NHO: 32
cm
0 7 1 0 
0 50 34 4 
0 19 65 15 
0 3 30 22 
ccr: 0.548000
mae: 0.484000

Ejecucion 26
NHO: 32
cm
0 7 1 0 
0 46 33 9 
0 18 62 19 
0 3 28 24 
ccr: 0.528000
mae: 0.524000

Ejecucion 27
NHO: 32
cm
0 7 1 0 
0 42 39 7 
0 11 72 16 
0 0 36 19 
ccr: 0.532000
mae: 0.500000

Ejecucion 28
NHO: 16
cm
0 7 1 0 
2 58 27 1 
0 35 51 14 
0 0 32 22 
ccr: 0.524000
mae: 0.484000

Ejecucion 29
NHO: 16
cm
0 8 0 0 
0 64 23 1 
0 35 52 13 
0 1 31 22 
ccr: 0.552000
mae: 0.456000

Ejecucion 30
NHO: 16
cm
0 8 0 0 
0 62 25 1 
0 32 56 12 
0 0 33 21 
ccr: 0.556000
mae: 0.448000

automobile
Ejecucion 1
NHO: 16
cm
0 1 0 0 0 0 
0 1 3 1 0 0 
0 1 12 4 0 0 
0 0 1 8 3 2 
0 0 2 2 4 0 
0 0 0 1 0 6 
ccr: 0.596154
mae: 0.519231

Ejecucion 2
NHO: 16
cm
0 1 0 0 0 0 
0 4 0 1 0 0 
0 0 13 4 0 0 
0 0 1 8 5 0 
0 0 2 2 4 0 
0 0 0 2 1 4 
ccr: 0.634615
mae: 0.461538

Ejecucion 3
NHO: 16
cm
0 1 0 0 0 0 
1 3 0 1 0 0 
0 0 15 0 2 0 
0 0 3 8 3 0 
0 0 1 2 5 0 
0 0 0 1 2 4 
ccr: 0.673077
mae: 0.423077

Ejecucion 4
NHO: 32
cm
0 1 0 0 0 0 
0 4 2 0 0 0 
0 0 14 2 1 0 
0 0 0 10 2 1 
0 0 0 4 4 0 
0 0 0 0 0 7 
ccr: 0.750000
mae: 0.288462

Ejecucion 5
NHO: 32
cm
0 1 0 0 0 0 
0 5 1 0 0 0 
0 0 14 2 0 1 
0 0 0 9 3 1 
0 0 1 3 4 0 
0 0 0 0 1 6 
ccr: 0.730769
mae: 0.346154

Ejecucion 6
NHO: 32
cm
0 1 0 0 0 0 
0 4 2 0 0 0 
0 0 14 2 0 1 
0 0 1 9 3 0 
0 0 0 4 4 0 
0 0 0 0 3 4 
ccr: 0.673077
mae: 0.365385

Ejecucion 7
NHO: 16
cm
0 1 0 0 0 0 
0 2 4 0 0 0 
0 2 11 3 1 0 
0 0 2 8 2 1 
0 0 0 2 5 1 
0 0 0 0 1 6 
ccr: 0.615385
mae: 0.423077

Ejecucion 8
NHO: 16
cm
0 1 0 0 0 0 
0 3 3 0 0 0 
0 0 14 3 0 0 
0 0 3 9 0 1 
0 0 2 2 3 1 
0 0 0 0 0 7 
ccr: 0.692308
mae: 0.365385

Ejecucion 9
NHO: 16
cm
0 0 1 0 0 0 
0 0 4 2 0 0 
0 0 5 12 0 0 
0 0 1 12 0 0 
0 0 1 7 0 0 
0 0 0 7 0 0 
ccr: 0.326923
mae: 0.884615

Ejecucion 10
NHO: 32
cm
0 0 1 0 0 0 
0 1 5 0 0 0 
0 1 12 4 0 0 
0 0 1 11 1 1 
0 0 3 2 3 0 
0 0 0 0 4 2 
ccr: 0.557692
mae: 0.538462

Ejecucion 11
NHO: 32
cm
0 1 0 0 0 0 
1 4 1 0 0 0 
0 2 8 5 2 0 
0 0 0 12 2 0 
0 0 0 6 2 0 
0 0 0 0 1 5 
ccr: 0.596154
mae: 0.442308

Ejecucion 12
NHO: 32
cm
0 1 0 0 0 0 
1 3 2 0 0 0 
0 1 13 3 0 0 
0 0 4 8 2 0 
0 0 2 3 3 0 
0 0 0 1 2 3 
ccr: 0.576923
mae: 0.480769

Ejecucion 13
NHO: 32
cm
0 1 0 0 0 0 
1 5 0 0 0 0 
0 0 14 1 2 0 
0 0 3 8 2 1 
0 0 2 2 4 0 
0 0 0 0 2 4 
ccr: 0.673077
mae: 0.423077

Ejecucion 14
NHO: 32
cm
0 1 0 0 0 0 
0 5 1 0 0 0 
0 2 10 3 1 1 
0 0 2 11 0 1 
0 2 2 1 3 0 
0 0 0 1 1 4 
ccr: 0.634615
mae: 0.576923

Ejecucion 15
NHO: 32
cm
0 1 0 0 0 0 
0 5 1 0 0 0 
0 1 12 2 1 1 
0 0 3 10 1 0 
0 0 3 3 2 0 
0 0 0 1 0 5 
ccr: 0.653846
mae: 0.480769

Ejecucion 16
NHO: 8
cm
0 0 0 0 0 0 
0 3 3 0 0 0 
0 0 14 3 0 0 
0 0 2 11 0 1 
0 0 4 3 0 1 
0 0 0 1 0 6 
ccr: 0.653846
mae: 0.461538

Ejecucion 17
NHO: 8
cm
0 0 0 0 0 0 
1 3 2 0 0 0 
0 0 13 2 2 0 
0 0 1 12 0 1 
0 0 1 3 3 1 
0 0 0 1 1 5 
ccr: 0.692308
mae: 0.403846

Ejecucion 18
NHO: 8
cm
0 0 0 0 0 0 
0 4 2 0 0 0 
0 1 9 7 0 0 
0 0 1 12 0 1 
0 0 2 5 1 0 
0 0 0 1 1 5 
ccr: 0.596154
mae: 0.480769

Ejecucion 19
NHO: 32
cm
0 1 0 0 0 0 
0 3 2 0 1 0 
0 0 11 5 1 0 
0 0 1 9 2 1 
0 0 0 2 6 0 
0 0 0 0 0 7 
ccr: 0.692308
mae: 0.384615

Ejecucion 20
NHO: 32
cm
1 0 0 0 0 0 
0 6 0 0 0 0 
0 0 12 5 0 0 
0 0 1 10 1 1 
0 0 0 2 5 1 
0 0 0 0 0 7 
ccr: 0.788462
mae: 0.230769

Ejecucion 21
NHO: 32
cm
0 1 0 0 0 0 
0 3 3 0 0 0 
0 1 13 3 0 0 
0 0 1 10 0 2 
0 0 1 6 0 1 
0 0 0 1 0 6 
ccr: 0.615385
mae: 0.461538

Ejecucion 22
NHO: 16
cm
0 1 0 0 0 0 
0 5 0 1 0 0 
0 1 9 4 2 0 
0 0 2 12 0 0 
0 0 1 2 5 0 
0 0 0 0 0 7 
ccr: 0.730769
mae: 0.346154

Ejecucion 23
NHO: 16
cm
0 1 0 0 0 0 
0 3 2 1 0 0 
0 0 12 4 0 0 
0 0 3 11 0 0 
0 0 1 1 6 0 
0 0 0 1 0 6 
ccr: 0.730769
mae: 0.326923

Ejecucion 24
NHO: 16
cm
0 1 0 0 0 0 
0 2 3 1 0 0 
0 0 11 5 0 0 
0 0 2 12 0 0 
0 0 2 6 0 0 
0 0 0 0 0 7 
ccr: 0.615385
mae: 0.442308

Ejecucion 25
NHO: 32
cm
0 1 0 0 0 0 
0 4 1 0 0 0 
0 0 12 4 0 1 
0 0 2 8 4 0 
0 0 2 2 3 1 
0 0 0 0 4 3 
ccr: 0.576923
mae: 0.500000

Ejecucion 26
NHO: 32
cm
0 1 0 0 0 0 
0 5 0 0 0 0 
0 1 13 2 0 1 
0 0 3 7 3 1 
0 0 2 2 4 0 
0 0 0 1 5 1 
ccr: 0.576923
mae: 0.538462

Ejecucion 27
NHO: 32
cm
0 1 0 0 0 0 
0 4 1 0 0 0 
0 0 11 4 2 0 
0 0 2 8 2 2 
0 0 2 1 5 0 
0 0 0 1 4 2 
ccr: 0.576923
mae: 0.557692

Ejecucion 28
NHO: 32
cm
0 1 0 0 0 0 
1 3 2 0 0 0 
0 0 15 2 0 0 
0 0 2 10 1 0 
0 0 2 4 1 1 
0 0 0 0 0 7 
ccr: 0.692308
mae: 0.346154

Ejecucion 29
NHO: 32
cm
0 1 0 0 0 0 
0 3 3 0 0 0 
0 0 15 2 0 0 
0 0 2 9 1 1 
0 0 3 0 5 0 
0 0 0 0 1 6 
ccr: 0.730769
mae: 0.346154

Ejecucion 30
NHO: 32
cm
0 1 0 0 0 0 
0 3 3 0 0 0 
0 1 13 2 1 0 
0 0 5 5 3 0 
0 0 2 2 4 0 
0 0 0 0 1 6 
ccr: 0.596154
mae: 0.461538

balance
Ejecucion 1
NHO: 16
cm
69 2 1 
0 13 0 
0 4 68 
ccr: 0.955414
mae: 0.050955

Ejecucion 2
NHO: 16
cm
70 1 1 
0 13 0 
2 2 68 
ccr: 0.961783
mae: 0.057325

Ejecucion 3
NHO: 16
cm
71 1 0 
0 12 1 
0 3 69 
ccr: 0.968153
mae: 0.031847

Ejecucion 4
NHO: 16
cm
72 0 0 
2 11 0 
0 2 70 
ccr: 0.974522
mae: 0.025478

Ejecucion 5
NHO: 16
cm
72 0 0 
1 12 0 
0 3 69 
ccr: 0.974522
mae: 0.025478

Ejecucion 6
NHO: 16
cm
72 0 0 
9 4 0 
0 1 71 
ccr: 0.936306
mae: 0.063694

Ejecucion 7
NHO: 32
cm
72 0 0 
0 13 0 
0 4 68 
ccr: 0.974522
mae: 0.025478

Ejecucion 8
NHO: 32
cm
72 0 0 
0 13 0 
0 4 68 
ccr: 0.974522
mae: 0.025478

Ejecucion 9
NHO: 32
cm
72 0 0 
0 13 0 
0 3 69 
ccr: 0.980892
mae: 0.019108

Ejecucion 10
NHO: 16
cm
70 2 0 
1 12 0 
0 1 71 
ccr: 0.974522
mae: 0.025478

Ejecucion 11
NHO: 16
cm
72 0 0 
1 12 0 
1 1 70 
ccr: 0.980892
mae: 0.025478

Ejecucion 12
NHO: 16
cm
69 3 0 
0 13 0 
0 4 68 
ccr: 0.955414
mae: 0.044586

Ejecucion 13
NHO: 16
cm
70 2 0 
0 13 0 
0 3 69 
ccr: 0.968153
mae: 0.031847

Ejecucion 14
NHO: 16
cm
71 1 0 
2 10 1 
2 1 69 
ccr: 0.955414
mae: 0.057325

Ejecucion 15
NHO: 16
cm
69 3 0 
4 7 2 
0 1 71 
ccr: 0.936306
mae: 0.063694

Ejecucion 16
NHO: 16
cm
71 0 1 
1 11 1 
0 0 72 
ccr: 0.980892
mae: 0.025478

Ejecucion 17
NHO: 16
cm
70 2 0 
1 10 2 
0 0 72 
ccr: 0.968153
mae: 0.031847

Ejecucion 18
NHO: 16
cm
71 1 0 
0 13 0 
0 0 72 
ccr: 0.993631
mae: 0.006369

Ejecucion 19
NHO: 32
cm
70 1 1 
1 10 2 
0 1 71 
ccr: 0.961783
mae: 0.044586

Ejecucion 20
NHO: 32
cm
70 2 0 
1 11 1 
0 1 71 
ccr: 0.968153
mae: 0.031847

Ejecucion 21
NHO: 32
cm
69 3 0 
0 12 1 
0 2 70 
ccr: 0.961783
mae: 0.038217

Ejecucion 22
NHO: 8
cm
72 0 0 
1 12 0 
0 2 70 
ccr: 0.980892
mae: 0.019108

Ejecucion 23
NHO: 8
cm
64 6 2 
0 12 1 
0 5 67 
ccr: 0.910828
mae: 0.101911

Ejecucion 24
NHO: 8
cm
68 4 0 
3 6 4 
0 1 71 
ccr: 0.923567
mae: 0.076433

Ejecucion 25
NHO: 32
cm
69 2 1 
2 10 1 
0 1 71 
ccr: 0.955414
mae: 0.050955

Ejecucion 26
NHO: 32
cm
69 3 0 
0 11 2 
0 2 70 
ccr: 0.955414
mae: 0.044586

Ejecucion 27
NHO: 32
cm
70 2 0 
2 11 0 
0 1 71 
ccr: 0.968153
mae: 0.031847

Ejecucion 28
NHO: 32
cm
71 0 1 
1 12 0 
1 1 70 
ccr: 0.974522
mae: 0.038217

Ejecucion 29
NHO: 32
cm
71 1 0 
0 13 0 
0 2 70 
ccr: 0.980892
mae: 0.019108

Ejecucion 30
NHO: 32
cm
71 1 0 
1 11 1 
0 3 69 
ccr: 0.961783
mae: 0.038217

bondrate
Ejecucion 1
NHO: 8
cm
0 1 0 0 0 
0 9 0 0 0 
0 2 1 0 0 
0 1 0 0 0 
0 1 0 0 0 
ccr: 0.666667
mae: 0.533333

Ejecucion 2
NHO: 8
cm
0 1 0 0 0 
0 9 0 0 0 
0 3 0 0 0 
0 1 0 0 0 
0 1 0 0 0 
ccr: 0.600000
mae: 0.600000

Ejecucion 3
NHO: 8
cm
0 1 0 0 0 
0 6 3 0 0 
0 2 1 0 0 
0 1 0 0 0 
0 0 1 0 0 
ccr: 0.466667
mae: 0.666667

Ejecucion 4
NHO: 4
cm
0 1 0 0 0 
0 7 2 0 0 
0 2 1 0 0 
0 1 0 0 0 
0 0 1 0 0 
ccr: 0.533333
mae: 0.600000

Ejecucion 5
NHO: 4
cm
0 1 0 0 0 
0 7 0 2 0 
0 1 1 1 0 
0 0 1 0 0 
0 0 0 1 0 
ccr: 0.533333
mae: 0.600000

Ejecucion 6
NHO: 4
cm
0 1 0 0 0 
0 9 0 0 0 
0 3 0 0 0 
0 1 0 0 0 
0 1 0 0 0 
ccr: 0.600000
mae: 0.600000

Ejecucion 7
NHO: 8
cm
0 1 0 0 0 
0 9 0 0 0 
0 3 0 0 0 
0 2 0 0 0 
0 0 0 0 0 
ccr: 0.600000
mae: 0.533333

Ejecucion 8
NHO: 8
cm
0 1 0 0 0 
0 9 0 0 0 
0 3 0 0 0 
0 2 0 0 0 
0 0 0 0 0 
ccr: 0.600000
mae: 0.533333

Ejecucion 9
NHO: 8
cm
0 1 0 0 0 
0 9 0 0 0 
0 2 1 0 0 
0 2 0 0 0 
0 0 0 0 0 
ccr: 0.666667
mae: 0.466667

Ejecucion 10
NHO: 8
cm
0 1 0 0 0 
0 8 1 0 0 
0 3 0 0 0 
0 1 0 0 0 
0 1 0 0 0 
ccr: 0.533333
mae: 0.666667

Ejecucion 11
NHO: 8
cm
0 1 0 0 0 
0 9 0 0 0 
0 3 0 0 0 
0 1 0 0 0 
0 1 0 0 0 
ccr: 0.600000
mae: 0.600000

Ejecucion 12
NHO: 8
cm
0 1 0 0 0 
0 9 0 0 0 
0 3 0 0 0 
0 1 0 0 0 
0 1 0 0 0 
ccr: 0.600000
mae: 0.600000

Ejecucion 13
NHO: 16
cm
0 1 1 0 0 
0 6 2 0 0 
0 2 1 0 0 
0 1 0 0 0 
0 0 1 0 0 
ccr: 0.466667
mae: 0.733333

Ejecucion 14
NHO: 16
cm
0 2 0 0 0 
0 6 2 0 0 
0 0 2 1 0 
0 0 1 0 0 
0 0 0 1 0 
ccr: 0.533333
mae: 0.466667

Ejecucion 15
NHO: 16
cm
0 2 0 0 0 
0 6 2 0 0 
0 2 1 0 0 
0 1 0 0 0 
0 0 1 0 0 
ccr: 0.466667
mae: 0.666667

Ejecucion 16
NHO: 32
cm
0 2 0 0 0 
0 8 0 0 0 
0 1 2 0 0 
0 0 1 0 0 
0 0 1 0 0 
ccr: 0.666667
mae: 0.400000

Ejecucion 17
NHO: 32
cm
0 1 1 0 0 
0 7 1 0 0 
0 1 2 0 0 
0 1 0 0 0 
0 1 0 0 0 
ccr: 0.600000
mae: 0.666667

Ejecucion 18
NHO: 32
cm
0 1 1 0 0 
0 6 2 0 0 
0 0 3 0 0 
0 0 1 0 0 
0 0 0 1 0 
ccr: 0.600000
mae: 0.466667

Ejecucion 19
NHO: 4
cm
0 1 0 0 0 
0 9 0 0 0 
0 3 0 0 0 
0 0 1 0 0 
0 1 0 0 0 
ccr: 0.600000
mae: 0.533333

Ejecucion 20
NHO: 4
cm
0 1 0 0 0 
0 9 0 0 0 
0 3 0 0 0 
0 1 0 0 0 
0 1 0 0 0 
ccr: 0.600000
mae: 0.600000

Ejecucion 21
NHO: 4
cm
0 1 0 0 0 
0 8 1 0 0 
0 1 2 0 0 
0 0 0 1 0 
0 0 1 0 0 
ccr: 0.733333
mae: 0.333333

Ejecucion 22
NHO: 8
cm
0 1 0 0 0 
0 9 0 0 0 
0 3 0 0 0 
0 1 0 0 0 
0 1 0 0 0 
ccr: 0.600000
mae: 0.600000

Ejecucion 23
NHO: 8
cm
0 1 0 0 0 
0 9 0 0 0 
0 3 0 0 0 
0 1 0 0 0 
0 1 0 0 0 
ccr: 0.600000
mae: 0.600000

Ejecucion 24
NHO: 8
cm
0 1 0 0 0 
0 9 0 0 0 
0 3 0 0 0 
0 0 1 0 0 
0 1 0 0 0 
ccr: 0.600000
mae: 0.533333

Ejecucion 25
NHO: 32
cm
0 1 0 0 0 
0 7 1 0 0 
0 3 0 0 0 
0 2 0 0 0 
0 0 1 0 0 
ccr: 0.466667
mae: 0.733333

Ejecucion 26
NHO: 32
cm
0 1 0 0 0 
0 4 4 0 0 
0 2 1 0 0 
0 0 2 0 0 
0 0 1 0 0 
ccr: 0.333333
mae: 0.733333

Ejecucion 27
NHO: 32
cm
0 1 0 0 0 
0 4 4 0 0 
0 1 2 0 0 
0 0 2 0 0 
0 0 1 0 0 
ccr: 0.400000
mae: 0.666667

Ejecucion 28
NHO: 4
cm
0 1 0 0 0 
0 9 0 0 0 
0 3 0 0 0 
0 1 0 0 0 
0 1 0 0 0 
ccr: 0.600000
mae: 0.600000

Ejecucion 29
NHO: 4
cm
0 1 0 0 0 
0 9 0 0 0 
0 3 0 0 0 
0 1 0 0 0 
0 1 0 0 0 
ccr: 0.600000
mae: 0.600000

Ejecucion 30
NHO: 4
cm
0 1 0 0 0 
0 9 0 0 0 
0 3 0 0 0 
0 1 0 0 0 
0 1 0 0 0 
ccr: 0.600000
mae: 0.600000

car
Ejecucion 1
NHO: 32
cm
289 14 0 0 
1 92 3 0 
0 4 13 0 
0 0 1 15 
ccr: 0.946759
mae: 0.053241

Ejecucion 2
NHO: 32
cm
291 12 0 0 
0 96 0 0 
0 0 16 1 
0 0 2 14 
ccr: 0.965278
mae: 0.034722

Ejecucion 3
NHO: 32
cm
285 18 0 0 
0 94 2 0 
0 2 15 0 
0 0 1 15 
ccr: 0.946759
mae: 0.053241

Ejecucion 4
NHO: 32
cm
301 2 0 0 
2 94 0 0 
0 0 17 0 
0 0 0 16 
ccr: 0.990741
mae: 0.009259

Ejecucion 5
NHO: 32
cm
300 3 0 0 
8 85 3 0 
0 0 17 0 
0 0 3 13 
ccr: 0.960648
mae: 0.039352

Ejecucion 6
NHO: 32
cm
301 2 0 0 
7 89 0 0 
0 1 14 2 
0 0 1 15 
ccr: 0.969907
mae: 0.030093

Ejecucion 7
NHO: 32
cm
300 3 0 0 
3 92 1 0 
0 3 11 3 
0 0 0 16 
ccr: 0.969907
mae: 0.030093

Ejecucion 8
NHO: 32
cm
299 4 0 0 
6 88 2 0 
0 1 16 0 
0 0 3 13 
ccr: 0.962963
mae: 0.037037

Ejecucion 9
NHO: 32
cm
299 4 0 0 
2 93 1 0 
0 3 13 1 
0 0 3 13 
ccr: 0.967593
mae: 0.032407

Ejecucion 10
NHO: 32
cm
300 3 0 0 
2 92 2 0 
0 0 17 0 
0 0 3 13 
ccr: 0.976852
mae: 0.023148

Ejecucion 11
NHO: 32
cm
300 3 0 0 
2 86 8 0 
0 0 15 2 
0 1 3 12 
ccr: 0.956019
mae: 0.046296

Ejecucion 12
NHO: 32
cm
297 6 0 0 
0 92 4 0 
0 0 17 0 
0 1 1 14 
ccr: 0.972222
mae: 0.030093

Ejecucion 13
NHO: 32
cm
297 6 0 0 
1 92 3 0 
0 1 15 1 
0 0 1 15 
ccr: 0.969907
mae: 0.030093

Ejecucion 14
NHO: 32
cm
296 7 0 0 
1 87 8 0 
0 1 15 1 
0 0 1 15 
ccr: 0.956019
mae: 0.043981

Ejecucion 15
NHO: 32
cm
298 5 0 0 
2 90 4 0 
0 0 16 1 
0 0 0 16 
ccr: 0.972222
mae: 0.027778

Ejecucion 16
NHO: 32
cm
302 1 0 0 
1 94 1 0 
0 1 15 1 
0 0 1 15 
ccr: 0.986111
mae: 0.013889

Ejecucion 17
NHO: 32
cm
302 1 0 0 
3 93 0 0 
0 1 14 2 
0 0 1 15 
ccr: 0.981481
mae: 0.018519

Ejecucion 18
NHO: 32
cm
302 1 0 0 
4 90 2 0 
0 4 13 0 
0 0 0 16 
ccr: 0.974537
mae: 0.025463

Ejecucion 19
NHO: 32
cm
300 3 0 0 
2 90 4 0 
0 0 17 0 
0 0 0 16 
ccr: 0.979167
mae: 0.020833

Ejecucion 20
NHO: 32
cm
299 4 0 0 
5 90 1 0 
0 2 15 0 
0 0 4 12 
ccr: 0.962963
mae: 0.037037

Ejecucion 21
NHO: 32
cm
298 5 0 0 
3 89 4 0 
0 1 16 0 
0 0 3 13 
ccr: 0.962963
mae: 0.037037

Ejecucion 22
NHO: 32
cm
301 2 0 0 
2 92 2 0 
0 2 15 0 
0 0 2 14 
ccr: 0.976852
mae: 0.023148

Ejecucion 23
NHO: 32
cm
300 3 0 0 
0 94 2 0 
0 0 17 0 
0 0 1 15 
ccr: 0.986111
mae: 0.013889

Ejecucion 24
NHO: 32
cm
300 3 0 0 
0 93 3 0 
0 1 16 0 
0 0 1 15 
ccr: 0.981481
mae: 0.018519

Ejecucion 25
NHO: 32
cm
300 2 0 0 
2 90 4 0 
0 0 15 2 
0 0 3 14 
ccr: 0.969907
mae: 0.030093

Ejecucion 26
NHO: 32
cm
301 1 0 0 
2 91 3 0 
0 4 11 2 
0 0 0 17 
ccr: 0.972222
mae: 0.027778

Ejecucion 27
NHO: 32
cm
296 6 0 0 
3 87 6 0 
0 0 16 1 
0 0 2 15 
ccr: 0.958333
mae: 0.041667

Ejecucion 28
NHO: 16
cm
301 2 0 0 
2 92 2 0 
0 2 14 1 
0 0 6 10 
ccr: 0.965278
mae: 0.034722

Ejecucion 29
NHO: 16
cm
299 4 0 0 
5 88 3 0 
0 3 13 1 
0 0 3 13 
ccr: 0.956019
mae: 0.043981

Ejecucion 30
NHO: 16
cm
299 4 0 0 
1 94 1 0 
0 1 14 2 
0 0 5 11 
ccr: 0.967593
mae: 0.032407

contact-lenses
Ejecucion 1
NHO: 8
cm
4 0 0 
0 1 0 
0 1 0 
ccr: 0.833333
mae: 0.166667

Ejecucion 2
NHO: 8
cm
3 1 0 
0 1 0 
0 1 0 
ccr: 0.666667
mae: 0.333333

Ejecucion 3
NHO: 8
cm
3 0 1 
0 1 0 
0 0 1 
ccr: 0.833333
mae: 0.333333

Ejecucion 4
NHO: 16
cm
3 1 0 
1 0 0 
0 1 0 
ccr: 0.500000
mae: 0.500000

Ejecucion 5
NHO: 16
cm
2 2 0 
1 0 0 
0 0 1 
ccr: 0.500000
mae: 0.500000

Ejecucion 6
NHO: 16
cm
2 2 0 
0 1 0 
0 1 0 
ccr: 0.500000
mae: 0.500000

Ejecucion 7
NHO: 4
cm
1 1 1 
1 1 0 
0 1 0 
ccr: 0.333333
mae: 0.833333

Ejecucion 8
NHO: 4
cm
1 1 1 
0 2 0 
0 1 0 
ccr: 0.500000
mae: 0.666667

Ejecucion 9
NHO: 4
cm
2 1 0 
1 0 1 
0 1 0 
ccr: 0.333333
mae: 0.666667

Ejecucion 10
NHO: 8
cm
3 1 0 
0 1 0 
0 1 0 
ccr: 0.666667
mae: 0.333333

Ejecucion 11
NHO: 8
cm
3 1 0 
0 1 0 
0 1 0 
ccr: 0.666667
mae: 0.333333

Ejecucion 12
NHO: 8
cm
3 1 0 
0 0 1 
0 0 1 
ccr: 0.666667
mae: 0.333333

Ejecucion 13
NHO: 8
cm
3 1 0 
0 1 0 
1 0 0 
ccr: 0.666667
mae: 0.500000

Ejecucion 14
NHO: 8
cm
4 0 0 
0 0 1 
1 0 0 
ccr: 0.666667
mae: 0.500000

Ejecucion 15
NHO: 8
cm
3 1 0 
1 0 0 
1 0 0 
ccr: 0.500000
mae: 0.666667

Ejecucion 16
NHO: 32
cm
4 0 0 
0 1 0 
0 1 0 
ccr: 0.833333
mae: 0.166667

Ejecucion 17
NHO: 32
cm
4 0 0 
0 1 0 
0 1 0 
ccr: 0.833333
mae: 0.166667

Ejecucion 18
NHO: 32
cm
4 0 0 
1 0 0 
0 0 1 
ccr: 0.833333
mae: 0.166667

Ejecucion 19
NHO: 4
cm
2 0 2 
0 1 0 
0 1 0 
ccr: 0.500000
mae: 0.833333

Ejecucion 20
NHO: 4
cm
2 1 1 
0 1 0 
0 0 1 
ccr: 0.666667
mae: 0.500000

Ejecucion 21
NHO: 4
cm
3 1 0 
0 1 0 
1 0 0 
ccr: 0.666667
mae: 0.500000

Ejecucion 22
NHO: 16
cm
3 0 1 
0 1 0 
0 0 1 
ccr: 0.833333
mae: 0.333333

Ejecucion 23
NHO: 16
cm
3 0 1 
0 1 0 
0 0 1 
ccr: 0.833333
mae: 0.333333

Ejecucion 24
NHO: 16
cm
3 0 1 
0 1 0 
0 0 1 
ccr: 0.833333
mae: 0.333333

Ejecucion 25
NHO: 16
cm
4 0 0 
0 1 0 
0 1 0 
ccr: 0.833333
mae: 0.166667

Ejecucion 26
NHO: 16
cm
4 0 0 
1 0 0 
0 1 0 
ccr: 0.666667
mae: 0.333333

Ejecucion 27
NHO: 16
cm
3 1 0 
0 0 1 
0 0 1 
ccr: 0.666667
mae: 0.333333

Ejecucion 28
NHO: 32
cm
3 1 0 
1 0 0 
0 1 0 
ccr: 0.500000
mae: 0.500000

Ejecucion 29
NHO: 32
cm
2 1 1 
0 1 0 
0 0 1 
ccr: 0.666667
mae: 0.500000

Ejecucion 30
NHO: 32
cm
3 1 0 
0 0 1 
0 1 0 
ccr: 0.500000
mae: 0.500000

depresion
Ejecucion 1
NHO: 2
cm
98 4 0 
22 1 0 
7 0 0 
ccr: 0.750000
mae: 0.303030

Ejecucion 2
NHO: 2
cm
99 3 0 
22 1 0 
7 0 0 
ccr: 0.757576
mae: 0.295455

Ejecucion 3
NHO: 2
cm
99 0 3 
22 0 1 
7 0 0 
ccr: 0.750000
mae: 0.325758

eucalyptus
Ejecucion 1
NHO: 32
cm
39 6 0 0 0 
6 15 4 2 0 
0 9 18 5 0 
1 2 9 36 6 
0 0 1 11 14 
ccr: 0.663043
mae: 0.375000

Ejecucion 2
NHO: 32
cm
37 8 0 0 0 
5 17 4 1 0 
0 6 24 2 0 
0 2 8 37 7 
0 0 3 10 13 
ccr: 0.695652
mae: 0.336957

Ejecucion 3
NHO: 32
cm
36 9 0 0 0 
6 13 8 0 0 
1 3 24 4 0 
1 2 9 35 7 
0 0 2 10 14 
ccr: 0.663043
mae: 0.375000

Ejecucion 4
NHO: 32
cm
34 8 3 0 0 
8 15 2 1 0 
0 9 12 11 0 
0 0 11 38 5 
0 0 1 12 14 
ccr: 0.614130
mae: 0.413043

Ejecucion 5
NHO: 32
cm
36 7 2 0 0 
6 15 4 1 0 
0 6 15 11 0 
0 0 8 42 4 
0 0 1 15 11 
ccr: 0.646739
mae: 0.375000

Ejecucion 6
NHO: 32
cm
36 4 5 0 0 
12 11 3 0 0 
1 5 13 13 0 
0 0 9 44 1 
0 0 1 19 7 
ccr: 0.603261
mae: 0.434783

Ejecucion 7
NHO: 32
cm
38 2 5 0 0 
7 13 6 1 0 
1 8 11 12 0 
0 0 8 40 6 
0 0 0 11 15 
ccr: 0.635870
mae: 0.402174

Ejecucion 8
NHO: 32
cm
35 4 4 2 0 
4 19 3 1 0 
0 8 11 13 0 
0 0 5 43 6 
0 0 0 12 14 
ccr: 0.663043
mae: 0.385870

Ejecucion 9
NHO: 32
cm
35 5 3 2 0 
8 12 6 1 0 
0 10 10 12 0 
0 0 6 43 5 
0 0 0 13 13 
ccr: 0.614130
mae: 0.429348

Ejecucion 10
NHO: 16
cm
32 9 3 1 0 
2 25 0 0 0 
0 0 17 14 1 
0 1 3 44 6 
0 0 3 10 13 
ccr: 0.711957
mae: 0.342391

Ejecucion 11
NHO: 16
cm
35 7 2 1 0 
4 22 1 0 0 
0 1 20 11 0 
1 0 5 42 6 
0 0 4 9 13 
ccr: 0.717391
mae: 0.336957

Ejecucion 12
NHO: 16
cm
36 4 3 2 0 
3 20 4 0 0 
0 1 18 12 1 
0 1 9 38 6 
0 0 3 10 13 
ccr: 0.679348
mae: 0.385870

Ejecucion 13
NHO: 32
cm
32 9 3 1 0 
5 20 1 0 0 
1 4 16 11 0 
0 0 8 36 10 
0 0 3 11 13 
ccr: 0.635870
mae: 0.413043

Ejecucion 14
NHO: 32
cm
33 8 3 1 0 
6 18 2 0 0 
0 6 11 15 0 
0 0 4 44 6 
0 0 2 11 14 
ccr: 0.652174
mae: 0.385870

Ejecucion 15
NHO: 32
cm
34 6 4 1 0 
5 18 3 0 0 
0 5 13 14 0 
0 0 2 41 11 
0 0 0 16 11 
ccr: 0.635870
mae: 0.396739

Ejecucion 16
NHO: 32
cm
35 9 0 1 0 
5 14 8 0 0 
0 6 9 17 0 
0 0 10 35 9 
0 0 1 15 10 
ccr: 0.559783
mae: 0.456522

Ejecucion 17
NHO: 32
cm
35 9 0 1 0 
4 15 7 1 0 
0 5 19 8 0 
0 0 14 36 4 
0 0 1 16 9 
ccr: 0.619565
mae: 0.402174

Ejecucion 18
NHO: 32
cm
37 7 0 1 0 
3 17 6 1 0 
0 6 14 12 0 
0 0 11 36 7 
0 0 0 13 13 
ccr: 0.635870
mae: 0.380435

Ejecucion 19
NHO: 32
cm
38 2 5 0 0 
4 17 4 1 0 
1 5 16 10 0 
0 1 9 36 8 
0 0 2 14 11 
ccr: 0.641304
mae: 0.413043

Ejecucion 20
NHO: 32
cm
33 8 4 0 0 
4 16 6 0 0 
0 7 18 7 0 
0 0 9 36 9 
0 0 3 12 12 
ccr: 0.625000
mae: 0.413043

Ejecucion 21
NHO: 32
cm
36 5 4 0 0 
4 19 3 0 0 
0 5 17 10 0 
0 0 10 40 4 
0 0 3 12 12 
ccr: 0.673913
mae: 0.364130

Ejecucion 22
NHO: 32
cm
37 6 2 0 0 
6 19 1 1 0 
0 4 15 13 0 
0 1 12 36 5 
0 0 1 14 11 
ccr: 0.641304
mae: 0.385870

Ejecucion 23
NHO: 32
cm
37 5 3 0 0 
3 22 1 1 0 
0 3 16 13 0 
0 1 11 38 4 
0 0 1 13 12 
ccr: 0.679348
mae: 0.353261

Ejecucion 24
NHO: 32
cm
35 9 1 0 0 
6 19 1 1 0 
0 3 15 14 0 
0 0 12 36 6 
0 0 2 14 10 
ccr: 0.625000
mae: 0.396739

Ejecucion 25
NHO: 16
cm
36 5 4 0 0 
5 17 5 0 0 
0 4 21 8 0 
0 0 4 42 7 
0 0 4 9 13 
ccr: 0.701087
mae: 0.342391

Ejecucion 26
NHO: 16
cm
40 3 2 0 0 
4 19 4 0 0 
0 7 14 12 0 
0 0 3 44 6 
0 0 2 10 14 
ccr: 0.711957
mae: 0.309783

Ejecucion 27
NHO: 16
cm
36 7 2 0 0 
9 14 4 0 0 
0 6 20 7 0 
0 0 8 37 8 
0 0 2 10 14 
ccr: 0.657609
mae: 0.364130

Ejecucion 28
NHO: 16
cm
38 7 0 0 0 
5 12 8 1 0 
0 6 17 10 0 
0 2 6 34 11 
0 0 3 10 14 
ccr: 0.625000
mae: 0.407609

Ejecucion 29
NHO: 16
cm
37 8 0 0 0 
5 18 2 1 0 
0 6 16 11 0 
0 2 10 35 6 
0 0 5 11 11 
ccr: 0.635870
mae: 0.407609

Ejecucion 30
NHO: 16
cm
39 6 0 0 0 
8 13 5 0 0 
1 3 17 12 0 
0 2 4 39 8 
0 0 3 10 14 
ccr: 0.663043
mae: 0.369565

newthyroid
Ejecucion 1
NHO: 4
cm
6 1 0 
0 37 1 
0 1 8 
ccr: 0.944444
mae: 0.055556

Ejecucion 2
NHO: 4
cm
6 1 0 
0 37 1 
0 0 9 
ccr: 0.962963
mae: 0.037037

Ejecucion 3
NHO: 4
cm
5 2 0 
0 37 1 
0 0 9 
ccr: 0.944444
mae: 0.055556

Ejecucion 4
NHO: 4
cm
6 1 0 
0 38 0 
0 0 9 
ccr: 0.981481
mae: 0.018519

Ejecucion 5
NHO: 4
cm
6 1 0 
0 38 0 
0 0 9 
ccr: 0.981481
mae: 0.018519

Ejecucion 6
NHO: 4
cm
6 1 0 
0 38 0 
0 0 9 
ccr: 0.981481
mae: 0.018519

Ejecucion 7
NHO: 1
cm
6 1 0 
0 36 2 
0 0 9 
ccr: 0.944444
mae: 0.055556

Ejecucion 8
NHO: 1
cm
5 2 0 
0 36 2 
0 0 9 
ccr: 0.925926
mae: 0.074074

Ejecucion 9
NHO: 1
cm
5 2 0 
0 36 2 
0 0 9 
ccr: 0.925926
mae: 0.074074

Ejecucion 10
NHO: 1
cm
7 0 0 
1 37 0 
0 0 9 
ccr: 0.981481
mae: 0.018519

Ejecucion 11
NHO: 1
cm
6 1 0 
0 37 1 
0 0 9 
ccr: 0.962963
mae: 0.037037

Ejecucion 12
NHO: 1
cm
6 1 0 
0 37 1 
0 0 9 
ccr: 0.962963
mae: 0.037037

Ejecucion 13
NHO: 1
cm
7 0 0 
0 37 1 
0 1 8 
ccr: 0.962963
mae: 0.037037

Ejecucion 14
NHO: 1
cm
7 0 0 
0 38 0 
0 1 8 
ccr: 0.981481
mae: 0.018519

Ejecucion 15
NHO: 1
cm
7 0 0 
0 37 1 
0 1 8 
ccr: 0.962963
mae: 0.037037

Ejecucion 16
NHO: 1
cm
6 2 0 
0 36 1 
0 0 9 
ccr: 0.944444
mae: 0.055556

Ejecucion 17
NHO: 1
cm
5 3 0 
0 36 1 
0 0 9 
ccr: 0.925926
mae: 0.074074

Ejecucion 18
NHO: 1
cm
8 0 0 
0 37 0 
0 0 9 
ccr: 1.000000
mae: 0.000000

Ejecucion 19
NHO: 4
cm
7 0 0 
0 38 0 
0 2 7 
ccr: 0.962963
mae: 0.037037

Ejecucion 20
NHO: 4
cm
6 1 0 
0 37 1 
0 2 7 
ccr: 0.925926
mae: 0.074074

Ejecucion 21
NHO: 4
cm
7 0 0 
0 38 0 
0 4 5 
ccr: 0.925926
mae: 0.074074

Ejecucion 22
NHO: 4
cm
7 0 0 
0 37 1 
0 0 9 
ccr: 0.981481
mae: 0.018519

Ejecucion 23
NHO: 4
cm
6 1 0 
0 37 1 
0 0 9 
ccr: 0.962963
mae: 0.037037

Ejecucion 24
NHO: 4
cm
7 0 0 
1 36 1 
0 1 8 
ccr: 0.944444
mae: 0.055556

Ejecucion 25
NHO: 32
cm
8 0 0 
1 36 0 
0 0 9 
ccr: 0.981481
mae: 0.018519

Ejecucion 26
NHO: 32
cm
8 0 0 
0 36 1 
0 0 9 
ccr: 0.981481
mae: 0.018519

Ejecucion 27
NHO: 32
cm
8 0 0 
0 36 1 
0 0 9 
ccr: 0.981481
mae: 0.018519

Ejecucion 28
NHO: 1
cm
7 0 0 
0 38 0 
0 0 9 
ccr: 1.000000
mae: 0.000000

Ejecucion 29
NHO: 1
cm
7 0 0 
0 38 0 
0 0 9 
ccr: 1.000000
mae: 0.000000

Ejecucion 30
NHO: 1
cm
7 0 0 
0 38 0 
0 0 9 
ccr: 1.000000
mae: 0.000000

pasture
Ejecucion 1
NHO: 4
cm
3 0 0 
1 2 0 
0 0 3 
ccr: 0.888889
mae: 0.111111

Ejecucion 2
NHO: 4
cm
2 1 0 
1 1 1 
0 0 3 
ccr: 0.666667
mae: 0.333333

Ejecucion 3
NHO: 4
cm
1 2 0 
1 1 1 
0 1 2 
ccr: 0.444444
mae: 0.555556

Ejecucion 4
NHO: 2
cm
3 0 0 
1 1 1 
0 0 3 
ccr: 0.777778
mae: 0.222222

Ejecucion 5
NHO: 2
cm
3 0 0 
1 1 1 
0 2 1 
ccr: 0.555556
mae: 0.444444

Ejecucion 6
NHO: 2
cm
3 0 0 
2 0 1 
0 0 3 
ccr: 0.666667
mae: 0.333333

Ejecucion 7
NHO: 8
cm
0 3 0 
0 2 1 
0 0 3 
ccr: 0.555556
mae: 0.444444

Ejecucion 8
NHO: 8
cm
3 0 0 
1 1 1 
0 0 3 
ccr: 0.777778
mae: 0.222222

Ejecucion 9
NHO: 8
cm
2 1 0 
1 2 0 
0 1 2 
ccr: 0.666667
mae: 0.333333

Ejecucion 10
NHO: 2
cm
2 1 0 
1 1 1 
0 0 3 
ccr: 0.666667
mae: 0.333333

Ejecucion 11
NHO: 2
cm
2 1 0 
2 1 0 
0 0 3 
ccr: 0.666667
mae: 0.333333

Ejecucion 12
NHO: 2
cm
3 0 0 
1 2 0 
0 1 2 
ccr: 0.777778
mae: 0.222222

Ejecucion 13
NHO: 8
cm
3 0 0 
1 2 0 
0 1 2 
ccr: 0.777778
mae: 0.222222

Ejecucion 14
NHO: 8
cm
3 0 0 
1 2 0 
0 1 2 
ccr: 0.777778
mae: 0.222222

Ejecucion 15
NHO: 8
cm
3 0 0 
1 2 0 
0 1 2 
ccr: 0.777778
mae: 0.222222

Ejecucion 16
NHO: 4
cm
2 1 0 
1 2 0 
0 2 1 
ccr: 0.555556
mae: 0.444444

Ejecucion 17
NHO: 4
cm
3 0 0 
2 1 0 
0 2 1 
ccr: 0.555556
mae: 0.444444

Ejecucion 18
NHO: 4
cm
2 1 0 
2 1 0 
0 1 2 
ccr: 0.555556
mae: 0.444444

Ejecucion 19
NHO: 4
cm
3 0 0 
1 1 1 
0 2 1 
ccr: 0.555556
mae: 0.444444

Ejecucion 20
NHO: 4
cm
3 0 0 
2 1 0 
0 2 1 
ccr: 0.555556
mae: 0.444444

Ejecucion 21
NHO: 4
cm
3 0 0 
2 1 0 
0 2 1 
ccr: 0.555556
mae: 0.444444

Ejecucion 22
NHO: 32
cm
1 2 0 
1 2 0 
0 0 3 
ccr: 0.666667
mae: 0.333333

Ejecucion 23
NHO: 32
cm
1 2 0 
2 1 0 
0 0 3 
ccr: 0.555556
mae: 0.444444

Ejecucion 24
NHO: 32
cm
1 2 0 
2 1 0 
0 0 3 
ccr: 0.555556
mae: 0.444444

Ejecucion 25
NHO: 32
cm
2 1 0 
0 1 2 
0 0 3 
ccr: 0.666667
mae: 0.333333

Ejecucion 26
NHO: 32
cm
3 0 0 
0 3 0 
0 2 1 
ccr: 0.777778
mae: 0.222222

Ejecucion 27
NHO: 32
cm
3 0 0 
0 2 1 
0 0 3 
ccr: 0.888889
mae: 0.111111

Ejecucion 28
NHO: 1
cm
2 1 0 
3 0 0 
0 0 3 
ccr: 0.555556
mae: 0.444444

Ejecucion 29
NHO: 1
cm
2 1 0 
0 1 2 
0 0 3 
ccr: 0.666667
mae: 0.333333

Ejecucion 30
NHO: 1
cm
0 3 0 
0 3 0 
0 3 0 
ccr: 0.333333
mae: 0.666667

squash-stored
Ejecucion 1
NHO: 4
cm
5 1 0 
0 5 0 
0 0 2 
ccr: 0.923077
mae: 0.076923

Ejecucion 2
NHO: 4
cm
5 1 0 
1 3 1 
0 0 2 
ccr: 0.769231
mae: 0.230769

Ejecucion 3
NHO: 4
cm
5 1 0 
1 4 0 
0 1 1 
ccr: 0.769231
mae: 0.230769

Ejecucion 4
NHO: 16
cm
0 5 0 
0 6 0 
0 2 0 
ccr: 0.461538
mae: 0.538462

Ejecucion 5
NHO: 16
cm
5 0 0 
3 2 1 
1 0 1 
ccr: 0.615385
mae: 0.461538

Ejecucion 6
NHO: 16
cm
5 0 0 
3 3 0 
1 0 1 
ccr: 0.692308
mae: 0.384615

Ejecucion 7
NHO: 8
cm
4 2 0 
0 5 0 
0 1 1 
ccr: 0.769231
mae: 0.230769

Ejecucion 8
NHO: 8
cm
6 0 0 
1 4 0 
0 2 0 
ccr: 0.769231
mae: 0.230769

Ejecucion 9
NHO: 8
cm
6 0 0 
1 4 0 
0 1 1 
ccr: 0.846154
mae: 0.153846

Ejecucion 10
NHO: 8
cm
5 1 0 
3 2 0 
1 0 1 
ccr: 0.615385
mae: 0.461538

Ejecucion 11
NHO: 8
cm
4 2 0 
3 1 1 
0 1 1 
ccr: 0.461538
mae: 0.538462

Ejecucion 12
NHO: 8
cm
4 2 0 
3 2 0 
1 0 1 
ccr: 0.538462
mae: 0.538462

Ejecucion 13
NHO: 32
cm
2 4 0 
0 3 2 
0 0 2 
ccr: 0.538462
mae: 0.461538

Ejecucion 14
NHO: 32
cm
4 2 0 
2 2 1 
0 1 1 
ccr: 0.538462
mae: 0.461538

Ejecucion 15
NHO: 32
cm
5 1 0 
1 2 2 
0 0 2 
ccr: 0.692308
mae: 0.307692

Ejecucion 16
NHO: 16
cm
6 0 0 
3 2 0 
0 1 1 
ccr: 0.692308
mae: 0.307692

Ejecucion 17
NHO: 16
cm
3 3 0 
3 2 0 
0 0 2 
ccr: 0.538462
mae: 0.461538

Ejecucion 18
NHO: 16
cm
6 0 0 
3 2 0 
0 0 2 
ccr: 0.769231
mae: 0.230769

Ejecucion 19
NHO: 4
cm
5 0 0 
2 4 0 
0 2 0 
ccr: 0.692308
mae: 0.307692

Ejecucion 20
NHO: 4
cm
5 0 0 
3 3 0 
0 1 1 
ccr: 0.692308
mae: 0.307692

Ejecucion 21
NHO: 4
cm
5 0 0 
2 4 0 
0 1 1 
ccr: 0.769231
mae: 0.230769

Ejecucion 22
NHO: 16
cm
6 0 0 
1 2 2 
0 1 1 
ccr: 0.692308
mae: 0.307692

Ejecucion 23
NHO: 16
cm
3 3 0 
1 3 1 
0 0 2 
ccr: 0.615385
mae: 0.384615

Ejecucion 24
NHO: 16
cm
6 0 0 
1 2 2 
0 1 1 
ccr: 0.692308
mae: 0.307692

Ejecucion 25
NHO: 8
cm
4 0 1 
2 4 0 
0 1 1 
ccr: 0.692308
mae: 0.384615

Ejecucion 26
NHO: 8
cm
4 1 0 
2 3 1 
0 1 1 
ccr: 0.615385
mae: 0.384615

Ejecucion 27
NHO: 8
cm
4 1 0 
0 5 1 
0 1 1 
ccr: 0.769231
mae: 0.230769

Ejecucion 28
NHO: 8
cm
4 1 0 
4 2 0 
1 0 1 
ccr: 0.538462
mae: 0.538462

Ejecucion 29
NHO: 8
cm
2 3 0 
2 4 0 
0 1 1 
ccr: 0.538462
mae: 0.461538

Ejecucion 30
NHO: 8
cm
4 1 0 
4 2 0 
0 1 1 
ccr: 0.538462
mae: 0.461538

squash-unstored
Ejecucion 1
NHO: 4
cm
4 2 0 
1 5 0 
0 0 1 
ccr: 0.769231
mae: 0.230769

Ejecucion 2
NHO: 4
cm
4 2 0 
1 4 1 
0 0 1 
ccr: 0.692308
mae: 0.307692

Ejecucion 3
NHO: 4
cm
6 0 0 
3 3 0 
0 0 1 
ccr: 0.769231
mae: 0.230769

Ejecucion 4
NHO: 16
cm
5 1 0 
2 3 1 
0 0 1 
ccr: 0.692308
mae: 0.307692

Ejecucion 5
NHO: 16
cm
5 1 0 
1 2 3 
0 0 1 
ccr: 0.615385
mae: 0.384615

Ejecucion 6
NHO: 16
cm
4 2 0 
1 5 0 
0 1 0 
ccr: 0.692308
mae: 0.307692

Ejecucion 7
NHO: 4
cm
3 3 0 
2 4 0 
0 1 0 
ccr: 0.538462
mae: 0.461538

Ejecucion 8
NHO: 4
cm
3 3 0 
2 4 0 
0 1 0 
ccr: 0.538462
mae: 0.461538

Ejecucion 9
NHO: 4
cm
5 1 0 
2 4 0 
0 1 0 
ccr: 0.692308
mae: 0.307692

Ejecucion 10
NHO: 8
cm
5 1 0 
1 5 0 
0 1 0 
ccr: 0.769231
mae: 0.230769

Ejecucion 11
NHO: 8
cm
6 0 0 
2 4 0 
0 1 0 
ccr: 0.769231
mae: 0.230769

Ejecucion 12
NHO: 8
cm
6 0 0 
6 0 0 
0 1 0 
ccr: 0.461538
mae: 0.538462

Ejecucion 13
NHO: 16
cm
5 1 0 
0 6 0 
0 0 1 
ccr: 0.923077
mae: 0.076923

Ejecucion 14
NHO: 16
cm
6 0 0 
6 0 0 
0 1 0 
ccr: 0.461538
mae: 0.538462

Ejecucion 15
NHO: 16
cm
6 0 0 
3 3 0 
0 1 0 
ccr: 0.692308
mae: 0.307692

Ejecucion 16
NHO: 32
cm
6 0 0 
1 3 2 
0 0 1 
ccr: 0.769231
mae: 0.230769

Ejecucion 17
NHO: 32
cm
6 0 0 
5 0 1 
0 1 0 
ccr: 0.461538
mae: 0.538462

Ejecucion 18
NHO: 32
cm
6 0 0 
4 1 1 
0 1 0 
ccr: 0.538462
mae: 0.461538

Ejecucion 19
NHO: 32
cm
6 0 0 
0 6 0 
0 0 1 
ccr: 1.000000
mae: 0.000000

Ejecucion 20
NHO: 32
cm
6 0 0 
2 4 0 
0 1 0 
ccr: 0.769231
mae: 0.230769

Ejecucion 21
NHO: 32
cm
6 0 0 
0 6 0 
0 1 0 
ccr: 0.923077
mae: 0.076923

Ejecucion 22
NHO: 1
cm
5 1 0 
5 1 0 
0 1 0 
ccr: 0.461538
mae: 0.538462

Ejecucion 23
NHO: 1
cm
6 0 0 
2 4 0 
0 1 0 
ccr: 0.769231
mae: 0.230769

Ejecucion 24
NHO: 1
cm
6 0 0 
3 3 0 
0 1 0 
ccr: 0.692308
mae: 0.307692

Ejecucion 25
NHO: 4
cm
4 2 0 
1 4 1 
0 0 1 
ccr: 0.692308
mae: 0.307692

Ejecucion 26
NHO: 4
cm
0 6 0 
0 6 0 
0 1 0 
ccr: 0.461538
mae: 0.538462

Ejecucion 27
NHO: 4
cm
5 1 0 
2 3 1 
0 1 0 
ccr: 0.615385
mae: 0.384615

Ejecucion 28
NHO: 16
cm
5 1 0 
5 1 0 
1 0 0 
ccr: 0.461538
mae: 0.615385

Ejecucion 29
NHO: 16
cm
4 2 0 
4 2 0 
0 1 0 
ccr: 0.461538
mae: 0.538462

Ejecucion 30
NHO: 16
cm
5 1 0 
5 1 0 
0 1 0 
ccr: 0.461538
mae: 0.538462

tae
Ejecucion 1
NHO: 32
cm
3 6 3 
1 9 3 
1 3 9 
ccr: 0.552632
mae: 0.552632

Ejecucion 2
NHO: 32
cm
4 7 1 
3 9 1 
4 4 5 
ccr: 0.473684
mae: 0.657895

Ejecucion 3
NHO: 32
cm
3 7 2 
0 11 2 
1 6 6 
ccr: 0.526316
mae: 0.552632

Ejecucion 4
NHO: 16
cm
0 12 0 
0 12 1 
0 11 2 
ccr: 0.368421
mae: 0.631579

Ejecucion 5
NHO: 16
cm
0 12 0 
0 13 0 
0 13 0 
ccr: 0.342105
mae: 0.657895

Ejecucion 6
NHO: 16
cm
2 9 1 
0 11 2 
2 5 6 
ccr: 0.500000
mae: 0.578947

Ejecucion 7
NHO: 32
cm
6 6 0 
2 10 1 
3 9 1 
ccr: 0.447368
mae: 0.631579

Ejecucion 8
NHO: 32
cm
4 7 1 
2 10 1 
1 10 2 
ccr: 0.421053
mae: 0.631579

Ejecucion 9
NHO: 32
cm
0 12 0 
1 12 0 
2 11 0 
ccr: 0.315789
mae: 0.736842

Ejecucion 10
NHO: 4
cm
9 2 2 
4 6 2 
3 3 7 
ccr: 0.578947
mae: 0.552632

Ejecucion 11
NHO: 4
cm
5 6 2 
2 9 1 
3 6 4 
ccr: 0.473684
mae: 0.657895

Ejecucion 12
NHO: 4
cm
12 0 1 
5 1 6 
6 2 5 
ccr: 0.473684
mae: 0.710526

Ejecucion 13
NHO: 8
cm
3 7 2 
1 10 2 
1 7 5 
ccr: 0.473684
mae: 0.605263

Ejecucion 14
NHO: 8
cm
6 4 2 
5 7 1 
1 10 2 
ccr: 0.394737
mae: 0.684211

Ejecucion 15
NHO: 8
cm
5 5 2 
6 2 5 
4 3 6 
ccr: 0.342105
mae: 0.815789

Ejecucion 16
NHO: 16
cm
0 11 1 
1 12 0 
0 11 2 
ccr: 0.368421
mae: 0.657895

Ejecucion 17
NHO: 16
cm
0 12 0 
0 13 0 
0 13 0 
ccr: 0.342105
mae: 0.657895

Ejecucion 18
NHO: 16
cm
8 3 1 
7 6 0 
3 9 1 
ccr: 0.394737
mae: 0.710526

Ejecucion 19
NHO: 8
cm
6 5 1 
4 8 1 
2 6 5 
ccr: 0.500000
mae: 0.578947

Ejecucion 20
NHO: 8
cm
0 12 0 
1 12 0 
0 13 0 
ccr: 0.315789
mae: 0.684211

Ejecucion 21
NHO: 8
cm
2 8 2 
0 13 0 
1 7 5 
ccr: 0.526316
mae: 0.552632

Ejecucion 22
NHO: 32
cm
7 4 2 
3 5 4 
4 5 4 
ccr: 0.421053
mae: 0.736842

Ejecucion 23
NHO: 32
cm
5 6 2 
0 7 5 
2 7 4 
ccr: 0.421053
mae: 0.684211

Ejecucion 24
NHO: 32
cm
5 5 3 
2 6 4 
3 3 7 
ccr: 0.473684
mae: 0.684211

Ejecucion 25
NHO: 16
cm
3 7 2 
0 12 1 
1 6 6 
ccr: 0.552632
mae: 0.526316

Ejecucion 26
NHO: 16
cm
2 6 4 
0 9 4 
2 6 5 
ccr: 0.421053
mae: 0.736842

Ejecucion 27
NHO: 16
cm
1 7 4 
0 10 3 
1 5 7 
ccr: 0.473684
mae: 0.657895

Ejecucion 28
NHO: 8
cm
8 3 1 
3 3 7 
3 4 6 
ccr: 0.447368
mae: 0.657895

Ejecucion 29
NHO: 8
cm
3 8 1 
0 13 0 
1 10 2 
ccr: 0.473684
mae: 0.578947

Ejecucion 30
NHO: 8
cm
6 4 2 
4 5 4 
2 6 5 
ccr: 0.421053
mae: 0.684211

thyroid
Ejecucion 1
NHO: 32
cm
1665 0 2 
16 0 25 
90 0 2 
ccr: 0.926111
mae: 0.125000

Ejecucion 2
NHO: 32
cm
1655 0 12 
9 0 32 
56 0 36 
ccr: 0.939444
mae: 0.098333

Ejecucion 3
NHO: 32
cm
1659 0 8 
8 0 33 
63 0 29 
ccr: 0.937778
mae: 0.101667

Ejecucion 4
NHO: 32
cm
1665 0 2 
12 0 29 
87 0 5 
ccr: 0.927778
mae: 0.121667

Ejecucion 5
NHO: 32
cm
1662 0 5 
13 0 28 
80 0 12 
ccr: 0.930000
mae: 0.117222

Ejecucion 6
NHO: 32
cm
1667 0 0 
24 0 17 
89 0 3 
ccr: 0.927778
mae: 0.121667

Ejecucion 7
NHO: 16
cm
1667 0 0 
19 0 22 
90 0 2 
ccr: 0.927222
mae: 0.122778

Ejecucion 8
NHO: 16
cm
1667 0 0 
16 0 25 
91 0 1 
ccr: 0.926667
mae: 0.123889

Ejecucion 9
NHO: 16
cm
1665 0 2 
16 0 25 
89 0 3 
ccr: 0.926667
mae: 0.123889

Ejecucion 10
NHO: 32
cm
1655 0 12 
5 0 36 
39 0 53 
ccr: 0.948889
mae: 0.079444

Ejecucion 11
NHO: 32
cm
1667 0 0 
18 0 23 
91 0 1 
ccr: 0.926667
mae: 0.123889

Ejecucion 12
NHO: 32
cm
1666 0 1 
24 0 17 
92 0 0 
ccr: 0.925556
mae: 0.126111

Ejecucion 13
NHO: 16
cm
1666 0 1 
28 0 13 
91 0 1 
ccr: 0.926111
mae: 0.125000

Ejecucion 14
NHO: 16
cm
1666 0 1 
36 0 5 
92 0 0 
ccr: 0.925556
mae: 0.126111

Ejecucion 15
NHO: 16
cm
1665 0 2 
22 0 19 
91 0 1 
ccr: 0.925556
mae: 0.126111

Ejecucion 16
NHO: 32
cm
1665 0 2 
26 0 15 
91 0 1 
ccr: 0.925556
mae: 0.126111

Ejecucion 17
NHO: 32
cm
1666 1 0 
41 0 0 
92 0 0 
ccr: 0.925556
mae: 0.125556

Ejecucion 18
NHO: 32
cm
1663 0 4 
29 0 12 
92 0 0 
ccr: 0.923889
mae: 0.129444

Ejecucion 19
NHO: 32
cm
1667 0 0 
41 0 0 
91 0 1 
ccr: 0.926667
mae: 0.123889

Ejecucion 20
NHO: 32
cm
1666 0 1 
28 0 13 
92 0 0 
ccr: 0.925556
mae: 0.126111

Ejecucion 21
NHO: 32
cm
1667 0 0 
27 0 14 
91 0 1 
ccr: 0.926667
mae: 0.123889

Ejecucion 22
NHO: 16
cm
1665 0 2 
20 0 21 
91 0 1 
ccr: 0.925556
mae: 0.126111

Ejecucion 23
NHO: 16
cm
1666 0 1 
41 0 0 
92 0 0 
ccr: 0.925556
mae: 0.126111

Ejecucion 24
NHO: 16
cm
1663 0 4 
11 0 30 
89 0 3 
ccr: 0.925556
mae: 0.126111

Ejecucion 25
NHO: 32
cm
1664 0 3 
8 0 33 
64 0 28 
ccr: 0.940000
mae: 0.097222

Ejecucion 26
NHO: 32
cm
1667 0 0 
21 0 20 
91 0 1 
ccr: 0.926667
mae: 0.123889

Ejecucion 27
NHO: 32
cm
1666 0 1 
8 0 33 
88 0 4 
ccr: 0.927778
mae: 0.121667

Ejecucion 28
NHO: 16
cm
1667 0 0 
26 0 15 
90 0 2 
ccr: 0.927222
mae: 0.122778

Ejecucion 29
NHO: 16
cm
1655 0 12 
5 0 36 
65 0 27 
ccr: 0.934444
mae: 0.108333

Ejecucion 30
NHO: 16
cm
1656 0 11 
5 0 36 
41 0 51 
ccr: 0.948333
mae: 0.080556

winequality-red
Ejecucion 1
NHO: 8
cm
0 0 2 0 0 0 
0 0 12 1 0 0 
0 0 128 41 2 0 
0 0 49 96 14 0 
0 0 0 34 16 0 
0 0 0 2 3 0 
ccr: 0.600000
mae: 0.417500

Ejecucion 2
NHO: 8
cm
0 0 2 0 0 0 
0 0 11 2 0 0 
0 0 130 38 3 0 
0 0 51 90 18 0 
0 0 1 27 22 0 
0 0 0 2 3 0 
ccr: 0.605000
mae: 0.420000

Ejecucion 3
NHO: 8
cm
0 0 2 0 0 0 
0 0 12 1 0 0 
0 0 133 37 1 0 
0 0 57 90 12 0 
0 0 2 31 17 0 
0 0 0 4 1 0 
ccr: 0.600000
mae: 0.425000

Ejecucion 4
NHO: 8
cm
0 0 3 0 0 0 
0 0 10 3 0 0 
0 0 135 36 0 0 
0 0 63 91 5 0 
0 0 2 38 10 0 
0 0 0 1 3 0 
ccr: 0.590000
mae: 0.432500

Ejecucion 5
NHO: 8
cm
0 0 3 0 0 0 
0 0 10 3 0 0 
0 0 137 34 0 0 
0 0 62 93 4 0 
0 0 4 37 9 0 
0 0 0 0 4 0 
ccr: 0.597500
mae: 0.427500

Ejecucion 6
NHO: 8
cm
0 0 3 0 0 0 
0 0 9 4 0 0 
0 0 133 38 0 0 
0 0 62 89 8 0 
0 0 4 34 12 0 
0 0 0 1 3 0 
ccr: 0.585000
mae: 0.445000

Ejecucion 7
NHO: 16
cm
0 0 3 0 0 0 
0 0 9 4 0 0 
0 0 122 47 1 0 
0 0 59 96 5 0 
0 0 3 45 2 0 
0 0 0 4 0 0 
ccr: 0.550000
mae: 0.487500

Ejecucion 8
NHO: 16
cm
0 0 3 0 0 0 
0 0 9 4 0 0 
0 0 131 38 1 0 
0 0 63 80 17 0 
0 0 2 31 17 0 
0 0 0 3 1 0 
ccr: 0.570000
mae: 0.462500

Ejecucion 9
NHO: 16
cm
0 0 3 0 0 0 
0 0 10 3 0 0 
0 0 131 39 0 0 
0 0 64 85 11 0 
0 0 3 31 16 0 
0 0 0 3 1 0 
ccr: 0.580000
mae: 0.450000

Ejecucion 10
NHO: 16
cm
0 0 1 1 0 0 
0 0 8 5 0 0 
0 1 133 36 0 0 
0 0 60 94 6 0 
0 0 1 31 18 0 
0 0 0 4 1 0 
ccr: 0.612500
mae: 0.420000

Ejecucion 11
NHO: 16
cm
0 0 1 1 0 0 
0 0 8 4 1 0 
0 0 111 58 1 0 
0 0 51 93 16 0 
0 0 3 36 11 0 
0 0 0 4 1 0 
ccr: 0.537500
mae: 0.505000

Ejecucion 12
NHO: 16
cm
0 0 1 1 0 0 
0 0 9 3 1 0 
0 0 138 32 0 0 
0 0 67 77 16 0 
0 0 2 25 23 0 
0 0 0 4 1 0 
ccr: 0.595000
mae: 0.440000

Ejecucion 13
NHO: 32
cm
0 0 3 0 0 0 
0 0 11 2 0 0 
0 0 122 47 1 0 
0 0 60 81 19 0 
0 0 2 27 21 0 
0 0 0 2 2 0 
ccr: 0.560000
mae: 0.465000

Ejecucion 14
NHO: 32
cm
0 0 3 0 0 0 
0 0 11 2 0 0 
0 0 124 46 0 0 
0 0 52 89 19 0 
0 0 5 30 15 0 
0 0 0 2 2 0 
ccr: 0.570000
mae: 0.460000

Ejecucion 15
NHO: 32
cm
0 0 3 0 0 0 
0 0 11 2 0 0 
0 0 126 42 2 0 
0 0 52 90 18 0 
0 0 4 26 20 0 
0 0 0 2 2 0 
ccr: 0.590000
mae: 0.442500

Ejecucion 16
NHO: 32
cm
0 0 3 0 0 0 
0 0 7 6 0 0 
0 0 138 31 1 0 
0 0 64 85 11 0 
0 0 2 35 13 0 
0 0 0 1 3 0 
ccr: 0.590000
mae: 0.442500

Ejecucion 17
NHO: 32
cm
0 0 3 0 0 0 
0 0 8 5 0 0 
0 0 143 26 1 0 
0 0 64 80 16 0 
0 0 2 31 17 0 
0 0 0 3 1 0 
ccr: 0.600000
mae: 0.435000

Ejecucion 18
NHO: 32
cm
0 0 3 0 0 0 
0 0 7 6 0 0 
0 0 140 28 2 0 
0 0 71 80 9 0 
0 0 2 40 8 0 
0 0 0 2 2 0 
ccr: 0.570000
mae: 0.467500

Ejecucion 19
NHO: 16
cm
0 0 2 0 0 0 
0 0 9 4 0 0 
0 0 121 50 0 0 
0 0 62 83 14 0 
0 0 1 37 12 0 
0 0 0 2 3 0 
ccr: 0.540000
mae: 0.482500

Ejecucion 20
NHO: 16
cm
0 0 2 0 0 0 
0 0 7 6 0 0 
0 0 121 48 2 0 
0 0 66 80 13 0 
0 0 0 32 18 0 
0 0 0 2 3 0 
ccr: 0.547500
mae: 0.482500

Ejecucion 21
NHO: 16
cm
0 0 2 0 0 0 
0 0 8 5 0 0 
0 0 119 51 1 0 
0 0 56 90 13 0 
0 0 2 33 15 0 
0 0 0 5 0 0 
ccr: 0.560000
mae: 0.477500

Ejecucion 22
NHO: 4
cm
0 0 2 0 0 0 
0 0 11 2 0 0 
0 0 130 39 1 0 
0 0 57 84 19 0 
0 0 6 30 14 0 
0 0 0 4 1 0 
ccr: 0.570000
mae: 0.467500

Ejecucion 23
NHO: 4
cm
0 0 2 0 0 0 
0 0 11 2 0 0 
0 0 124 45 1 0 
0 0 53 88 19 0 
0 0 6 26 18 0 
0 0 0 4 1 0 
ccr: 0.575000
mae: 0.462500

Ejecucion 24
NHO: 4
cm
0 0 2 0 0 0 
0 0 11 2 0 0 
0 0 129 41 0 0 
0 0 55 105 0 0 
0 0 5 45 0 0 
0 0 0 5 0 0 
ccr: 0.585000
mae: 0.450000

Ejecucion 25
NHO: 32
cm
0 0 2 0 0 0 
0 0 10 3 0 0 
0 0 131 37 2 0 
0 0 58 96 6 0 
0 0 1 38 11 0 
0 0 0 4 1 0 
ccr: 0.595000
mae: 0.435000

Ejecucion 26
NHO: 32
cm
0 0 2 0 0 0 
0 0 12 1 0 0 
0 0 123 45 2 0 
0 0 44 103 13 0 
0 0 4 25 21 0 
0 0 0 3 2 0 
ccr: 0.617500
mae: 0.412500

Ejecucion 27
NHO: 32
cm
0 0 2 0 0 0 
0 0 11 2 0 0 
0 0 122 46 2 0 
0 0 52 99 9 0 
0 0 4 27 19 0 
0 0 0 3 2 0 
ccr: 0.600000
mae: 0.432500

Ejecucion 28
NHO: 16
cm
0 0 3 0 0 0 
0 0 12 1 0 0 
0 0 131 38 1 0 
0 0 63 78 19 0 
0 0 2 29 19 0 
0 0 0 4 0 0 
ccr: 0.570000
mae: 0.457500

Ejecucion 29
NHO: 16
cm
0 0 2 1 0 0 
0 0 11 2 0 0 
0 0 134 36 0 0 
0 0 66 82 12 0 
0 0 2 30 18 0 
0 0 0 4 0 0 
ccr: 0.585000
mae: 0.445000

Ejecucion 30
NHO: 16
cm
0 0 3 0 0 0 
0 0 12 1 0 0 
0 0 136 34 0 0 
0 0 65 76 19 0 
0 0 2 29 19 0 
0 0 0 4 0 0 
ccr: 0.577500
mae: 0.447500

winequality-white
Ejecucion 1
NHO: 8
cm
0 0 3 2 0 0 0 
0 0 24 17 0 0 0 
0 0 202 160 2 0 0 
0 0 117 382 51 0 0 
0 0 9 147 64 0 0 
0 0 1 24 19 0 0 
0 0 0 0 1 0 0 
ccr: 0.528980
mae: 0.521633

Ejecucion 2
NHO: 8
cm
0 0 3 2 0 0 0 
0 0 22 19 0 0 0 
0 0 208 152 4 0 0 
0 0 107 388 55 0 0 
0 0 6 157 57 0 0 
0 0 0 21 23 0 0 
0 0 0 0 1 0 0 
ccr: 0.533061
mae: 0.514286

Ejecucion 3
NHO: 8
cm
0 0 2 3 0 0 0 
0 0 21 20 0 0 0 
0 0 205 157 2 0 0 
0 0 106 389 55 0 0 
0 0 6 156 58 0 0 
0 0 0 24 20 0 0 
0 0 0 0 1 0 0 
ccr: 0.532245
mae: 0.517551

Ejecucion 4
NHO: 32
cm
0 0 4 1 0 0 0 
0 0 24 17 0 0 0 
0 0 211 147 6 0 0 
0 0 114 383 53 0 0 
0 0 4 163 53 0 0 
0 0 0 23 21 0 0 
0 0 0 1 0 0 0 
ccr: 0.528163
mae: 0.519184

Ejecucion 5
NHO: 32
cm
0 1 3 1 0 0 0 
0 1 23 17 0 0 0 
0 1 216 142 5 0 0 
0 0 114 380 56 0 0 
0 0 4 157 59 0 0 
0 0 0 21 23 0 0 
0 0 0 0 1 0 0 
ccr: 0.535510
mae: 0.507755

Ejecucion 6
NHO: 32
cm
0 0 3 2 0 0 0 
0 1 26 14 0 0 0 
0 0 225 134 5 0 0 
0 1 117 370 62 0 0 
0 0 5 151 64 0 0 
0 0 0 22 22 0 0 
0 0 0 0 1 0 0 
ccr: 0.538776
mae: 0.506122

Ejecucion 7
NHO: 32
cm
0 0 2 3 0 0 0 
0 2 27 12 0 0 0 
0 1 202 156 5 0 0 
0 0 124 382 44 0 0 
0 0 6 147 67 0 0 
0 0 0 28 16 0 0 
0 0 0 1 0 0 0 
ccr: 0.533061
mae: 0.516735

Ejecucion 8
NHO: 32
cm
0 0 4 1 0 0 0 
0 1 29 10 1 0 0 
0 1 212 146 5 0 0 
0 0 114 382 54 0 0 
0 0 6 138 76 0 0 
0 0 0 23 21 0 0 
0 0 0 0 1 0 0 
ccr: 0.547755
mae: 0.495510

Ejecucion 9
NHO: 32
cm
0 0 3 2 0 0 0 
0 0 31 10 0 0 0 
0 0 189 171 4 0 0 
0 0 105 399 46 0 0 
0 0 8 144 68 0 0 
0 0 0 26 18 0 0 
0 0 0 0 1 0 0 
ccr: 0.535510
mae: 0.510204

Ejecucion 10
NHO: 32
cm
0 0 3 2 0 0 0 
0 0 25 15 1 0 0 
0 0 223 135 6 0 0 
0 1 104 383 62 0 0 
0 0 5 129 86 0 0 
0 0 0 24 20 0 0 
0 0 0 0 1 0 0 
ccr: 0.564898
mae: 0.484898

Ejecucion 11
NHO: 32
cm
0 0 5 0 0 0 0 
0 0 26 14 1 0 0 
0 0 224 137 3 0 0 
0 0 99 393 58 0 0 
0 0 9 131 79 1 0 
0 0 0 22 22 0 0 
0 0 0 1 0 0 0 
ccr: 0.568163
mae: 0.478367

Ejecucion 12
NHO: 32
cm
0 0 3 1 1 0 0 
0 0 26 15 0 0 0 
0 0 223 137 4 0 0 
0 1 108 383 58 0 0 
0 0 7 134 79 0 0 
0 0 0 24 19 1 0 
0 0 0 1 0 0 0 
ccr: 0.560000
mae: 0.489796

Ejecucion 13
NHO: 32
cm
0 0 1 4 0 0 0 
0 2 27 12 0 0 0 
0 0 202 157 5 0 0 
0 0 100 411 39 0 0 
0 0 8 153 59 0 0 
0 0 0 25 19 0 0 
0 0 0 0 1 0 0 
ccr: 0.550204
mae: 0.498776

Ejecucion 14
NHO: 32
cm
0 0 1 4 0 0 0 
0 1 27 13 0 0 0 
0 0 215 142 7 0 0 
0 0 106 393 51 0 0 
0 0 8 148 64 0 0 
0 0 0 27 17 0 0 
0 0 0 0 1 0 0 
ccr: 0.549388
mae: 0.503673

Ejecucion 15
NHO: 32
cm
0 0 2 3 0 0 0 
0 0 29 10 2 0 0 
0 0 208 153 3 0 0 
0 0 111 396 43 0 0 
0 0 4 153 63 0 0 
0 0 0 25 19 0 0 
0 0 0 0 1 0 0 
ccr: 0.544490
mae: 0.500408

Ejecucion 16
NHO: 32
cm
0 1 1 3 0 0 0 
0 0 25 15 1 0 0 
0 0 200 157 7 0 0 
0 0 93 384 73 0 0 
0 0 5 139 76 0 0 
0 0 0 19 24 1 0 
0 0 0 1 0 0 0 
ccr: 0.539592
mae: 0.506939

Ejecucion 17
NHO: 32
cm
0 0 2 3 0 0 0 
0 0 26 14 1 0 0 
0 1 187 169 7 0 0 
0 0 93 392 65 0 0 
0 0 6 147 67 0 0 
0 0 0 23 21 0 0 
0 0 0 1 0 0 0 
ccr: 0.527347
mae: 0.523265

Ejecucion 18
NHO: 32
cm
0 1 1 2 1 0 0 
0 0 25 15 1 0 0 
0 0 201 157 6 0 0 
0 0 100 393 56 1 0 
0 0 4 149 65 2 0 
0 0 0 22 21 1 0 
0 0 0 1 0 0 0 
ccr: 0.538776
mae: 0.510204

Ejecucion 19
NHO: 32
cm
0 0 0 5 0 0 0 
0 3 23 14 1 0 0 
0 0 208 153 3 0 0 
0 0 96 413 41 0 0 
0 0 6 166 48 0 0 
0 0 0 30 14 0 0 
0 0 0 0 1 0 0 
ccr: 0.548571
mae: 0.505306

Ejecucion 20
NHO: 32
cm
0 0 0 5 0 0 0 
0 0 26 15 0 0 0 
0 0 205 155 4 0 0 
0 0 100 408 42 0 0 
0 0 3 163 54 0 0 
0 0 0 28 16 0 0 
0 0 0 1 0 0 0 
ccr: 0.544490
mae: 0.506122

Ejecucion 21
NHO: 32
cm
0 0 0 5 0 0 0 
0 3 24 13 1 0 0 
0 0 208 153 3 0 0 
0 0 98 406 46 0 0 
0 0 6 153 61 0 0 
0 0 0 27 17 0 0 
0 0 0 0 1 0 0 
ccr: 0.553469
mae: 0.497143

Ejecucion 22
NHO: 16
cm
0 0 2 3 0 0 0 
0 2 22 17 0 0 0 
0 0 192 166 6 0 0 
0 0 109 378 63 0 0 
0 0 6 148 66 0 0 
0 0 0 27 17 0 0 
0 0 0 0 1 0 0 
ccr: 0.520816
mae: 0.532245

Ejecucion 23
NHO: 16
cm
0 0 2 3 0 0 0 
0 0 24 17 0 0 0 
0 0 204 155 5 0 0 
0 0 114 392 44 0 0 
0 0 3 155 62 0 0 
0 0 0 29 15 0 0 
0 0 0 0 1 0 0 
ccr: 0.537143
mae: 0.514286

Ejecucion 24
NHO: 16
cm
0 0 2 3 0 0 0 
0 1 22 18 0 0 0 
0 0 198 160 6 0 0 
0 0 109 399 42 0 0 
0 0 7 151 62 0 0 
0 0 0 27 17 0 0 
0 0 0 0 1 0 0 
ccr: 0.538776
mae: 0.515918

Ejecucion 25
NHO: 32
cm
0 0 3 2 0 0 0 
0 0 21 19 1 0 0 
0 0 218 138 9 0 0 
0 0 113 379 56 1 0 
0 0 6 153 61 0 0 
0 0 1 27 16 0 0 
0 0 0 0 1 0 0 
ccr: 0.537143
mae: 0.523265

Ejecucion 26
NHO: 32
cm
0 0 3 2 0 0 0 
0 0 26 14 1 0 0 
0 0 230 129 6 0 0 
0 0 109 393 47 0 0 
0 0 5 153 62 0 0 
0 0 0 24 20 0 0 
0 0 0 0 1 0 0 
ccr: 0.559184
mae: 0.488980

Ejecucion 27
NHO: 32
cm
0 0 3 2 0 0 0 
0 0 24 16 1 0 0 
0 0 210 151 4 0 0 
0 0 104 403 42 0 0 
0 0 4 153 63 0 0 
0 0 0 30 14 0 0 
0 0 0 0 1 0 0 
ccr: 0.551837
mae: 0.500408

Ejecucion 28
NHO: 32
cm
0 1 2 2 0 0 0 
0 1 27 13 0 0 0 
0 2 198 156 8 0 0 
0 0 114 371 65 0 0 
0 0 7 140 73 0 0 
0 0 0 19 25 0 0 
0 0 0 1 0 0 0 
ccr: 0.524898
mae: 0.520000

Ejecucion 29
NHO: 32
cm
0 1 2 2 0 0 0 
0 1 27 13 0 0 0 
0 3 191 166 4 0 0 
0 0 113 380 57 0 0 
0 0 6 143 71 0 0 
0 0 0 22 21 1 0 
0 0 1 0 0 0 0 
ccr: 0.525714
mae: 0.518367

Ejecucion 30
NHO: 32
cm
0 0 3 2 0 0 0 
0 1 28 12 0 0 0 
0 2 202 152 8 0 0 
0 0 122 369 59 0 0 
0 0 11 138 71 0 0 
0 0 0 21 22 1 0 
0 0 1 0 0 0 0 
ccr: 0.525714
mae: 0.524898

