ERA
Ejecucion 1
NHO: 8
cm
12 4 4 0 3 0 0 0 0 
4 11 5 6 9 1 0 0 0 
4 10 17 4 9 1 0 0 0 
0 4 12 13 12 0 2 0 0 
1 2 8 15 10 2 2 0 0 
1 1 6 9 11 0 1 0 0 
0 0 4 7 9 0 2 0 0 
0 0 0 0 6 0 2 0 0 
0 0 0 0 4 0 0 0 0 
ccr: 0.260000
mae: 1.408000

Ejecucion 2
NHO: 8
cm
12 7 0 3 1 0 0 0 0 
4 13 3 10 5 1 0 0 0 
4 10 14 11 5 0 1 0 0 
0 4 12 13 8 3 3 0 0 
1 0 8 16 8 4 3 0 0 
1 2 4 6 8 2 6 0 0 
0 1 2 6 4 0 9 0 0 
0 0 0 1 0 0 6 0 1 
0 0 0 0 0 0 0 0 4 
ccr: 0.300000
mae: 1.196000

Ejecucion 3
NHO: 8
cm
6 8 5 0 4 0 0 0 0 
5 12 10 2 6 0 1 0 0 
5 12 16 1 10 0 1 0 0 
2 10 13 2 9 3 4 0 0 
2 6 7 3 15 3 4 0 0 
0 5 4 1 10 1 8 0 0 
0 2 2 1 6 2 9 0 0 
0 0 0 0 1 0 6 0 1 
0 0 0 0 0 0 0 0 4 
ccr: 0.260000
mae: 1.360000

Ejecucion 4
NHO: 8
cm
10 5 4 0 3 0 0 1 0 
7 10 5 5 8 0 0 0 0 
3 8 13 7 13 0 2 0 0 
0 4 10 13 15 0 1 0 0 
0 6 10 8 12 0 4 0 0 
0 1 3 6 15 0 2 1 1 
0 0 0 2 12 0 4 2 2 
0 0 1 1 3 0 2 0 1 
0 0 0 0 0 0 0 1 3 
ccr: 0.260000
mae: 1.312000

Ejecucion 5
NHO: 8
cm
2 12 6 2 0 0 0 1 0 
4 12 8 10 1 0 0 0 0 
0 9 22 11 0 3 0 1 0 
0 1 23 14 1 3 1 0 0 
0 3 14 12 4 4 2 1 0 
0 1 6 10 3 4 2 2 1 
0 0 1 5 2 4 4 4 2 
0 0 3 0 0 2 1 1 1 
0 0 0 0 0 0 0 1 3 
ccr: 0.264000
mae: 1.248000

Ejecucion 6
NHO: 8
cm
10 7 2 3 0 0 0 1 0 
7 6 8 8 6 0 0 0 0 
3 8 13 9 11 0 2 0 0 
0 4 15 11 9 3 1 0 0 
0 2 10 11 11 2 4 0 0 
0 1 2 6 13 3 2 1 1 
0 0 1 4 3 6 4 2 2 
0 0 1 2 1 1 2 0 1 
0 0 0 0 0 0 0 1 3 
ccr: 0.244000
mae: 1.260000

Ejecucion 7
NHO: 32
cm
4 11 3 2 2 1 0 0 0 
3 8 7 14 3 0 1 0 0 
1 14 11 12 8 0 0 0 0 
0 5 5 20 8 4 1 0 0 
0 2 4 16 13 3 1 0 0 
2 3 2 6 13 2 0 0 1 
0 2 1 7 3 1 6 2 0 
0 0 0 0 3 0 4 1 0 
0 0 0 0 0 0 0 2 2 
ccr: 0.268000
mae: 1.264000

Ejecucion 8
NHO: 32
cm
4 14 0 2 2 1 0 0 0 
3 14 6 9 3 0 1 0 0 
1 19 10 11 5 0 0 0 0 
0 8 10 8 10 7 0 0 0 
0 4 5 12 7 10 1 0 0 
2 2 7 5 8 4 0 0 1 
0 1 3 5 5 2 6 0 0 
0 0 0 0 3 0 5 0 0 
0 0 0 0 0 0 2 0 2 
ccr: 0.220000
mae: 1.336000

Ejecucion 9
NHO: 32
cm
4 11 3 2 2 1 0 0 0 
3 7 11 10 4 0 0 1 0 
1 10 18 12 4 0 1 0 0 
0 1 14 15 9 2 2 0 0 
0 2 9 12 13 1 1 1 0 
2 2 7 5 9 1 2 0 1 
0 1 3 7 2 0 9 0 0 
0 0 0 0 3 0 3 2 0 
0 0 0 0 0 0 2 0 2 
ccr: 0.284000
mae: 1.288000

Ejecucion 10
NHO: 8
cm
8 2 6 1 5 1 0 0 0 
3 9 6 8 9 1 0 0 0 
2 9 10 12 11 1 0 0 0 
1 3 7 17 13 2 0 0 0 
1 5 2 11 18 2 0 0 0 
1 3 4 8 13 1 0 0 0 
1 0 3 5 12 1 0 0 0 
0 0 0 1 6 1 0 0 0 
0 0 0 3 1 0 0 0 0 
ccr: 0.252000
mae: 1.504000

Ejecucion 11
NHO: 8
cm
4 11 6 1 1 0 0 0 0 
8 8 10 5 5 0 0 0 0 
7 11 9 9 8 1 0 0 0 
0 5 14 13 9 1 1 0 0 
4 1 10 8 10 3 3 0 0 
1 4 4 7 12 1 1 0 0 
1 1 3 7 3 0 7 0 0 
0 0 1 1 2 0 3 0 1 
0 0 0 0 0 0 1 0 3 
ccr: 0.220000
mae: 1.404000

Ejecucion 12
NHO: 8
cm
3 8 8 3 1 0 0 0 0 
4 9 17 5 0 0 1 0 0 
6 4 18 9 6 0 2 0 0 
0 1 26 9 4 1 2 0 0 
1 3 13 7 11 0 4 0 0 
0 1 10 4 9 1 5 0 0 
2 0 3 4 2 2 9 0 0 
0 0 0 1 1 0 5 0 1 
0 0 0 0 0 0 1 0 3 
ccr: 0.252000
mae: 1.300000

Ejecucion 13
NHO: 8
cm
7 2 9 2 2 0 1 0 0 
7 5 14 6 3 0 0 0 0 
1 7 14 16 7 0 0 0 1 
1 1 22 11 7 0 1 0 0 
1 2 9 17 10 0 1 0 0 
0 1 5 11 9 0 2 0 1 
0 0 4 9 4 0 4 0 1 
0 0 0 2 3 0 2 0 0 
0 0 0 0 1 0 1 0 3 
ccr: 0.216000
mae: 1.376000

Ejecucion 14
NHO: 8
cm
8 5 3 2 4 0 0 1 0 
9 6 7 9 3 1 0 0 0 
1 8 9 16 7 2 2 0 1 
2 1 13 11 9 5 2 0 0 
1 4 2 8 10 8 7 0 0 
0 1 4 6 4 4 9 0 1 
0 0 1 5 2 7 4 2 1 
0 0 0 2 0 1 3 1 0 
0 0 0 0 1 0 0 1 3 
ccr: 0.224000
mae: 1.356000

Ejecucion 15
NHO: 8
cm
8 4 2 8 0 0 1 0 0 
7 6 8 12 1 0 1 0 0 
5 5 7 23 2 1 2 0 1 
1 4 11 17 4 4 2 0 0 
0 5 4 15 3 7 6 0 0 
0 4 1 13 0 10 0 0 1 
0 0 4 4 1 5 7 0 1 
0 0 0 1 1 3 2 0 0 
0 0 0 1 0 0 1 0 3 
ccr: 0.244000
mae: 1.392000

Ejecucion 16
NHO: 8
cm
12 1 3 5 1 1 0 0 0 
10 4 2 15 1 3 0 0 0 
12 3 3 17 5 5 1 0 0 
2 0 1 23 5 11 1 0 0 
0 0 2 25 1 10 1 0 0 
2 0 0 11 2 14 1 0 0 
2 0 0 4 0 15 0 0 1 
0 0 0 1 0 6 0 0 1 
0 0 0 0 0 1 0 0 3 
ccr: 0.240000
mae: 1.340000

Ejecucion 17
NHO: 8
cm
8 5 4 1 5 0 0 0 0 
4 8 9 6 7 0 1 0 0 
3 12 10 10 11 0 0 0 0 
0 5 3 11 24 0 0 0 0 
0 4 1 12 20 0 2 0 0 
1 4 2 1 20 0 2 0 0 
0 3 0 3 4 0 9 2 1 
0 0 0 1 1 0 4 1 1 
0 0 0 0 0 0 0 1 3 
ccr: 0.280000
mae: 1.216000

Ejecucion 18
NHO: 8
cm
2 11 5 1 3 0 1 0 0 
1 12 12 6 2 0 2 0 0 
0 16 11 9 10 0 0 0 0 
0 8 6 11 16 0 2 0 0 
0 8 5 10 14 0 2 0 0 
0 5 3 8 7 0 7 0 0 
0 4 1 3 4 0 10 0 0 
0 0 0 4 0 0 4 0 0 
0 0 0 0 0 0 4 0 0 
ccr: 0.240000
mae: 1.392000

Ejecucion 19
NHO: 32
cm
9 5 4 1 1 3 0 0 0 
6 5 4 10 7 3 0 0 0 
5 7 13 7 8 4 1 0 0 
1 1 12 12 13 3 1 0 0 
1 1 9 13 9 4 3 0 0 
2 2 5 5 11 2 2 1 0 
0 0 1 5 3 1 9 3 0 
0 0 0 0 2 0 4 0 2 
0 0 0 0 0 0 0 1 3 
ccr: 0.248000
mae: 1.364000

Ejecucion 20
NHO: 32
cm
9 7 4 0 3 0 0 0 0 
5 4 6 8 10 1 1 0 0 
5 10 11 7 11 0 1 0 0 
2 3 8 9 18 2 1 0 0 
1 4 4 14 8 3 5 1 0 
3 3 3 4 8 2 6 1 0 
0 0 1 4 4 1 9 3 0 
1 0 0 0 0 0 3 2 2 
0 0 0 0 0 0 1 0 3 
ccr: 0.228000
mae: 1.388000

Ejecucion 21
NHO: 32
cm
0 16 0 0 0 7 0 0 0 
0 23 1 0 0 10 0 0 1 
0 30 1 0 0 13 0 0 1 
0 22 5 0 0 16 0 0 0 
0 19 5 0 0 13 0 0 3 
0 9 3 0 0 13 0 0 5 
0 7 3 0 0 2 0 0 10 
0 3 0 0 0 0 0 0 5 
0 0 0 0 0 0 0 0 4 
ccr: 0.164000
mae: 1.996000

Ejecucion 22
NHO: 8
cm
0 5 8 2 6 2 0 0 0 
0 7 10 9 7 1 1 0 0 
0 7 15 7 8 7 2 0 0 
0 4 12 8 9 7 3 0 0 
0 5 5 7 4 11 8 0 0 
0 4 5 4 5 9 1 0 1 
0 2 3 1 3 4 9 0 0 
0 0 0 0 1 4 2 0 0 
0 0 0 0 0 1 0 0 4 
ccr: 0.224000
mae: 1.552000

Ejecucion 23
NHO: 8
cm
11 6 4 0 0 2 0 0 0 
4 12 11 3 2 3 0 0 0 
3 16 15 4 2 6 0 0 0 
0 9 15 5 6 6 2 0 0 
0 4 14 1 6 10 5 0 0 
1 3 10 3 3 7 1 0 1 
0 2 3 4 2 3 8 0 0 
0 0 0 1 1 1 4 0 0 
0 0 0 0 1 0 0 0 4 
ccr: 0.272000
mae: 1.388000

Ejecucion 24
NHO: 8
cm
8 10 2 2 0 1 0 0 0 
3 14 7 10 1 0 0 0 0 
0 19 7 18 2 0 0 0 0 
0 7 10 17 3 4 2 0 0 
0 6 5 16 9 2 2 0 0 
1 5 5 9 4 4 0 0 1 
0 1 1 5 7 3 5 0 0 
0 0 0 2 3 0 2 0 0 
0 0 0 1 0 0 0 0 4 
ccr: 0.272000
mae: 1.280000

Ejecucion 25
NHO: 32
cm
8 6 3 2 3 0 1 0 0 
5 7 11 4 8 0 0 0 0 
1 4 15 7 12 2 2 1 1 
2 4 13 11 11 0 1 1 0 
0 1 8 13 8 7 3 0 0 
2 2 5 5 7 3 4 2 0 
1 1 1 2 5 2 6 3 1 
0 0 0 3 1 0 3 1 0 
0 0 0 0 0 0 1 0 3 
ccr: 0.248000
mae: 1.408000

Ejecucion 26
NHO: 32
cm
10 0 7 2 3 0 1 0 0 
7 0 17 5 6 0 0 0 0 
1 0 20 10 8 1 3 1 1 
3 0 13 15 7 2 2 1 0 
0 0 8 13 8 7 4 0 0 
3 0 5 6 7 3 4 2 0 
1 0 3 4 2 2 6 3 1 
0 0 0 3 1 0 3 1 0 
0 0 0 0 0 0 1 0 3 
ccr: 0.264000
mae: 1.396000

Ejecucion 27
NHO: 32
cm
8 6 4 0 4 0 1 0 0 
5 7 8 4 11 0 0 0 0 
1 5 13 7 13 2 1 2 1 
2 5 11 8 13 2 1 1 0 
0 3 4 9 15 6 1 2 0 
2 2 3 4 8 5 2 4 0 
1 2 2 0 6 1 3 6 1 
0 1 0 1 2 0 3 1 0 
0 0 0 0 0 0 1 0 3 
ccr: 0.252000
mae: 1.464000

Ejecucion 28
NHO: 8
cm
8 6 3 2 4 0 0 0 0 
5 6 13 7 5 0 0 0 0 
5 5 15 9 11 0 0 1 0 
1 1 10 12 17 2 0 0 0 
1 0 7 12 17 2 1 0 0 
2 1 4 3 12 3 2 1 1 
0 0 2 4 3 4 3 6 0 
0 0 0 1 0 2 1 2 1 
0 0 0 0 0 0 0 0 4 
ccr: 0.280000
mae: 1.196000

Ejecucion 29
NHO: 8
cm
9 5 7 1 1 0 0 0 0 
3 6 20 4 2 1 0 0 0 
4 6 18 6 10 2 0 0 0 
1 0 21 9 12 0 0 0 0 
1 1 11 12 14 0 1 0 0 
0 3 4 3 16 1 1 0 1 
0 0 4 7 5 0 6 0 0 
0 0 0 2 1 0 3 0 1 
0 0 0 0 0 0 0 0 4 
ccr: 0.268000
mae: 1.216000

Ejecucion 30
NHO: 8
cm
0 10 8 5 0 0 0 0 0 
0 5 23 5 3 0 0 0 0 
0 9 17 16 3 0 1 0 0 
0 2 15 10 13 3 0 0 0 
0 5 10 10 12 3 0 0 0 
0 1 7 7 8 4 1 0 1 
0 0 2 2 7 5 6 0 0 
0 0 0 1 1 2 2 0 1 
0 0 0 0 0 0 0 0 4 
ccr: 0.232000
mae: 1.208000

ESL
Ejecucion 1
NHO: 32
cm
0 0 0 0 0 0 0 0 0 
0 3 0 0 0 0 0 0 0 
0 1 3 6 0 0 0 0 0 
0 1 2 18 4 0 0 0 0 
0 0 0 2 23 4 0 0 0 
0 0 0 0 1 31 2 0 0 
0 0 0 0 0 5 8 2 0 
0 0 0 0 0 0 5 0 0 
0 0 0 0 0 0 1 0 0 
ccr: 0.704918
mae: 0.311475

Ejecucion 2
NHO: 32
cm
0 0 0 0 0 0 0 0 0 
0 3 0 0 0 0 0 0 0 
0 1 6 3 0 0 0 0 0 
0 1 2 17 4 1 0 0 0 
0 0 0 2 24 3 0 0 0 
0 0 0 0 2 29 3 0 0 
0 0 0 0 0 5 6 4 0 
0 0 0 0 0 0 3 2 0 
0 0 0 0 0 0 1 0 0 
ccr: 0.713115
mae: 0.311475

Ejecucion 3
NHO: 32
cm
0 0 0 0 0 0 0 0 0 
0 2 1 0 0 0 0 0 0 
0 1 6 3 0 0 0 0 0 
0 1 3 14 7 0 0 0 0 
0 0 0 2 24 3 0 0 0 
0 0 0 0 2 30 2 0 0 
0 0 0 0 0 6 9 0 0 
0 0 0 0 0 0 4 1 0 
0 0 0 0 0 0 1 0 0 
ccr: 0.704918
mae: 0.311475

Ejecucion 4
NHO: 16
cm
0 0 0 0 0 0 0 0 0 
1 2 0 0 0 0 0 0 0 
0 1 5 3 0 0 0 0 0 
0 1 3 19 2 0 0 0 0 
0 0 0 5 21 3 0 0 0 
0 0 0 0 5 26 3 0 0 
0 0 0 0 0 6 9 1 0 
0 0 0 0 0 1 1 3 0 
0 0 0 0 0 0 0 1 0 
ccr: 0.696721
mae: 0.319672

Ejecucion 5
NHO: 16
cm
0 0 0 0 0 0 0 0 0 
0 2 0 1 0 0 0 0 0 
0 2 5 2 0 0 0 0 0 
0 1 7 15 2 0 0 0 0 
0 0 0 4 22 3 0 0 0 
0 0 0 0 6 27 0 1 0 
0 0 0 0 0 6 9 1 0 
0 0 0 0 0 1 4 0 0 
0 0 0 0 0 0 0 1 0 
ccr: 0.655738
mae: 0.377049

Ejecucion 6
NHO: 16
cm
0 0 0 0 0 0 0 0 0 
1 2 0 0 0 0 0 0 0 
0 1 6 2 0 0 0 0 0 
0 1 3 20 1 0 0 0 0 
0 0 0 4 22 3 0 0 0 
0 0 0 0 6 27 1 0 0 
0 0 0 0 0 6 9 1 0 
0 0 0 0 0 1 2 1 1 
0 0 0 0 0 0 0 1 0 
ccr: 0.713115
mae: 0.303279

Ejecucion 7
NHO: 32
cm
0 0 0 0 0 0 0 0 0 
0 2 1 0 0 0 0 0 0 
0 1 3 6 0 0 0 0 0 
0 1 2 21 1 0 0 0 0 
0 0 0 3 25 1 0 0 0 
0 0 0 0 4 26 4 0 0 
0 0 0 0 0 7 8 0 0 
0 0 0 0 0 1 4 0 0 
0 0 0 0 0 0 0 1 0 
ccr: 0.696721
mae: 0.319672

Ejecucion 8
NHO: 32
cm
0 0 0 0 0 0 0 0 0 
0 2 1 0 0 0 0 0 0 
0 0 5 5 0 0 0 0 0 
0 1 2 18 4 0 0 0 0 
0 0 0 3 25 1 0 0 0 
0 0 0 0 4 23 7 0 0 
0 0 0 0 0 8 7 0 0 
0 0 0 0 0 1 4 0 0 
0 0 0 0 0 0 0 1 0 
ccr: 0.655738
mae: 0.360656

Ejecucion 9
NHO: 32
cm
0 0 0 0 0 0 0 0 0 
0 2 1 0 0 0 0 0 0 
0 0 3 7 0 0 0 0 0 
0 1 2 17 5 0 0 0 0 
0 0 0 3 24 2 0 0 0 
0 0 0 0 4 24 6 0 0 
0 0 0 0 0 5 9 1 0 
0 0 0 0 0 0 5 0 0 
0 0 0 0 0 0 0 1 0 
ccr: 0.647541
mae: 0.360656

Ejecucion 10
NHO: 16
cm
0 0 0 0 0 0 0 0 0 
1 2 0 0 0 0 0 0 0 
0 4 4 1 0 0 0 0 0 
0 1 2 16 5 1 0 0 0 
0 0 0 0 26 3 0 0 0 
0 0 0 0 4 27 3 0 0 
0 0 0 0 0 3 11 2 0 
0 0 0 0 0 0 4 1 0 
0 0 0 0 0 0 0 1 0 
ccr: 0.713115
mae: 0.303279

Ejecucion 11
NHO: 16
cm
0 0 0 0 0 0 0 0 0 
0 2 1 0 0 0 0 0 0 
0 2 7 0 0 0 0 0 0 
0 1 2 17 3 2 0 0 0 
0 0 0 0 26 3 0 0 0 
0 0 0 0 4 28 2 0 0 
0 0 0 0 0 11 5 0 0 
0 0 0 0 0 0 5 0 0 
0 0 0 0 0 0 1 0 0 
ccr: 0.696721
mae: 0.336066

Ejecucion 12
NHO: 16
cm
0 0 0 0 0 0 0 0 0 
1 2 0 0 0 0 0 0 0 
0 3 5 1 0 0 0 0 0 
0 1 1 18 3 2 0 0 0 
0 0 0 0 26 3 0 0 0 
0 0 0 0 4 27 3 0 0 
0 0 0 0 0 3 13 0 0 
0 0 0 0 0 0 5 0 0 
0 0 0 0 0 0 1 0 0 
ccr: 0.745902
mae: 0.286885

Ejecucion 13
NHO: 16
cm
0 0 0 0 0 0 0 0 0 
0 2 1 0 0 0 0 0 0 
0 1 7 2 0 0 0 0 0 
0 0 0 20 5 0 0 0 0 
0 0 0 1 23 4 1 0 0 
0 0 0 0 3 27 4 0 0 
0 0 0 0 0 6 10 0 0 
0 0 0 0 0 1 2 1 0 
0 0 0 0 0 0 1 0 0 
ccr: 0.737705
mae: 0.286885

Ejecucion 14
NHO: 16
cm
0 0 0 0 0 0 0 0 0 
0 2 1 0 0 0 0 0 0 
0 0 6 4 0 0 0 0 0 
0 0 2 17 6 0 0 0 0 
0 0 0 1 22 5 1 0 0 
0 0 0 0 3 25 6 0 0 
0 0 0 0 0 3 13 0 0 
0 0 0 0 0 0 3 1 0 
0 0 0 0 0 0 1 0 0 
ccr: 0.704918
mae: 0.311475

Ejecucion 15
NHO: 16
cm
0 0 0 0 0 0 0 0 0 
0 2 0 1 0 0 0 0 0 
0 0 6 4 0 0 0 0 0 
0 0 0 19 6 0 0 0 0 
0 0 0 1 22 5 1 0 0 
0 0 0 0 3 27 4 0 0 
0 0 0 0 0 6 10 0 0 
0 0 0 0 0 0 4 0 0 
0 0 0 0 0 0 1 0 0 
ccr: 0.704918
mae: 0.319672

Ejecucion 16
NHO: 32
cm
0 0 0 0 0 0 0 0 0 
0 2 1 0 0 0 0 0 0 
0 2 5 2 0 0 0 0 0 
0 1 1 19 4 0 0 0 0 
0 0 0 2 19 8 0 0 0 
0 0 0 0 2 29 3 0 0 
0 0 0 0 0 7 8 1 0 
0 0 0 0 0 0 3 1 1 
0 0 0 0 0 0 0 0 1 
ccr: 0.688525
mae: 0.319672

Ejecucion 17
NHO: 32
cm
0 0 0 0 0 0 0 0 0 
0 2 1 0 0 0 0 0 0 
0 1 2 6 0 0 0 0 0 
0 1 0 19 5 0 0 0 0 
0 0 0 0 25 4 0 0 0 
0 0 0 0 3 28 3 0 0 
0 0 0 0 0 4 9 3 0 
0 0 0 0 0 0 2 3 0 
0 0 0 0 0 0 0 1 0 
ccr: 0.721311
mae: 0.286885

Ejecucion 18
NHO: 32
cm
0 0 0 0 0 0 0 0 0 
0 2 1 0 0 0 0 0 0 
0 2 3 4 0 0 0 0 0 
0 1 0 20 4 0 0 0 0 
0 0 0 0 22 7 0 0 0 
0 0 0 0 2 30 2 0 0 
0 0 0 0 0 6 10 0 0 
0 0 0 0 0 1 3 1 0 
0 0 0 0 0 0 1 0 0 
ccr: 0.721311
mae: 0.303279

Ejecucion 19
NHO: 32
cm
0 0 0 0 0 0 0 0 0 
0 3 0 0 0 0 0 0 0 
0 0 4 6 0 0 0 0 0 
0 0 1 23 1 0 0 0 0 
0 0 0 6 19 4 0 0 0 
0 0 0 0 5 24 5 0 0 
0 0 0 0 0 4 8 3 0 
0 0 0 0 0 0 4 1 0 
0 0 0 0 0 0 1 0 0 
ccr: 0.672131
mae: 0.336066

Ejecucion 20
NHO: 32
cm
0 0 0 0 0 0 0 0 0 
0 3 0 0 0 0 0 0 0 
0 0 3 7 0 0 0 0 0 
0 1 1 23 0 0 0 0 0 
0 0 0 6 19 4 0 0 0 
0 0 0 0 5 26 3 0 0 
0 0 0 0 0 5 7 3 0 
0 0 0 0 0 1 3 1 0 
0 0 0 0 0 0 1 0 0 
ccr: 0.672131
mae: 0.352459

Ejecucion 21
NHO: 32
cm
0 0 0 0 0 0 0 0 0 
0 0 0 3 0 0 0 0 0 
0 0 0 10 0 0 0 0 0 
0 0 0 24 1 0 0 0 0 
0 0 0 5 20 4 0 0 0 
0 0 0 0 6 22 6 0 0 
0 0 0 0 0 5 8 2 0 
0 0 0 0 0 1 3 1 0 
0 0 0 0 0 0 0 1 0 
ccr: 0.614754
mae: 0.418033

Ejecucion 22
NHO: 32
cm
0 0 0 0 0 0 0 0 0 
0 2 0 1 0 0 0 0 0 
0 0 3 7 0 0 0 0 0 
0 1 2 17 4 1 0 0 0 
0 0 0 2 23 4 0 0 0 
0 0 0 0 1 33 0 0 0 
0 0 0 0 1 4 7 3 0 
0 0 0 0 0 1 3 1 0 
0 0 0 0 0 0 1 0 0 
ccr: 0.704918
mae: 0.344262

Ejecucion 23
NHO: 32
cm
0 0 0 0 0 0 0 0 0 
0 3 0 0 0 0 0 0 0 
0 1 2 7 0 0 0 0 0 
0 1 1 18 4 1 0 0 0 
0 0 0 2 23 4 0 0 0 
0 0 0 0 2 28 4 0 0 
0 0 0 0 1 7 5 2 0 
0 0 0 0 0 1 4 0 0 
0 0 0 0 0 0 1 0 0 
ccr: 0.647541
mae: 0.393443

Ejecucion 24
NHO: 32
cm
0 0 0 0 0 0 0 0 0 
0 3 0 0 0 0 0 0 0 
0 1 3 6 0 0 0 0 0 
0 1 1 17 5 1 0 0 0 
0 0 0 2 22 5 0 0 0 
0 0 0 0 1 30 3 0 0 
0 0 0 0 1 3 10 1 0 
0 0 0 0 0 0 5 0 0 
0 0 0 0 0 0 1 0 0 
ccr: 0.696721
mae: 0.336066

Ejecucion 25
NHO: 16
cm
0 0 0 0 0 0 0 0 0 
0 2 1 0 0 0 0 0 0 
0 2 1 7 0 0 0 0 0 
0 0 0 21 3 1 0 0 0 
0 0 0 1 26 2 0 0 0 
0 0 0 0 6 27 1 0 0 
0 0 0 0 0 6 8 1 0 
0 0 0 0 0 1 4 0 0 
0 0 0 0 0 0 1 0 0 
ccr: 0.696721
mae: 0.327869

Ejecucion 26
NHO: 16
cm
0 0 0 0 0 0 0 0 0 
0 2 1 0 0 0 0 0 0 
0 2 3 5 0 0 0 0 0 
0 0 0 21 3 1 0 0 0 
0 0 0 2 25 2 0 0 0 
0 0 0 0 4 27 3 0 0 
0 0 0 0 0 5 10 0 0 
0 0 0 0 0 1 4 0 0 
0 0 0 0 0 0 1 0 0 
ccr: 0.721311
mae: 0.303279

Ejecucion 27
NHO: 16
cm
0 0 0 0 0 0 0 0 0 
0 1 2 0 0 0 0 0 0 
0 0 4 6 0 0 0 0 0 
0 0 0 21 3 1 0 0 0 
0 0 0 2 24 3 0 0 0 
0 0 0 0 4 30 0 0 0 
0 0 0 0 0 8 7 0 0 
0 0 0 0 0 1 4 0 0 
0 0 0 0 0 0 1 0 0 
ccr: 0.713115
mae: 0.311475

Ejecucion 28
NHO: 32
cm
0 0 0 0 0 0 0 0 0 
0 3 0 0 0 0 0 0 0 
0 3 4 3 0 0 0 0 0 
0 1 2 19 3 0 0 0 0 
0 0 0 2 22 4 1 0 0 
0 0 0 0 2 29 2 0 0 
0 0 0 0 1 9 5 1 0 
0 0 0 0 0 0 4 0 1 
0 0 0 0 0 0 1 0 0 
ccr: 0.672131
mae: 0.360656

Ejecucion 29
NHO: 32
cm
0 0 0 0 0 0 0 0 0 
0 3 0 0 0 0 0 0 0 
0 1 4 5 0 0 0 0 0 
0 1 2 18 4 0 0 0 0 
0 0 0 2 22 4 1 0 0 
0 0 0 0 0 30 3 0 0 
0 0 0 0 1 5 9 1 0 
0 0 0 0 0 0 5 0 0 
0 0 0 0 0 0 1 0 0 
ccr: 0.704918
mae: 0.327869

Ejecucion 30
NHO: 32
cm
0 0 0 0 0 0 0 0 0 
0 3 0 0 0 0 0 0 0 
0 2 5 3 0 0 0 0 0 
0 1 3 19 2 0 0 0 0 
0 0 0 2 21 5 1 0 0 
0 0 0 0 3 27 3 0 0 
0 0 0 0 1 4 10 1 0 
0 0 0 0 0 0 4 0 1 
0 0 0 0 0 0 1 0 0 
ccr: 0.696721
mae: 0.336066

LEV
Ejecucion 1
NHO: 32
cm
12 8 4 0 0 
8 41 21 0 0 
0 19 73 8 0 
0 0 22 28 0 
0 0 2 4 0 
ccr: 0.616000
mae: 0.408000

Ejecucion 2
NHO: 32
cm
15 5 4 0 0 
11 38 18 1 2 
2 20 66 11 1 
0 2 16 32 0 
0 0 1 5 0 
ccr: 0.604000
mae: 0.456000

Ejecucion 3
NHO: 32
cm
13 7 4 0 0 
8 42 19 1 0 
0 20 70 10 0 
0 1 23 26 0 
0 1 1 4 0 
ccr: 0.604000
mae: 0.432000

Ejecucion 4
NHO: 8
cm
6 15 2 1 0 
1 44 24 1 0 
2 19 66 13 0 
0 1 26 23 0 
0 1 1 4 0 
ccr: 0.556000
mae: 0.488000

Ejecucion 5
NHO: 8
cm
11 10 1 2 0 
2 50 17 1 0 
0 23 62 15 0 
0 1 26 23 0 
0 1 1 4 0 
ccr: 0.584000
mae: 0.456000

Ejecucion 6
NHO: 8
cm
10 11 2 1 0 
2 44 23 1 0 
0 26 63 11 0 
0 1 31 18 0 
0 1 0 5 0 
ccr: 0.540000
mae: 0.492000

Ejecucion 7
NHO: 8
cm
7 15 1 0 0 
9 45 15 1 0 
0 18 63 20 0 
0 1 20 28 0 
0 1 0 6 0 
ccr: 0.572000
mae: 0.448000

Ejecucion 8
NHO: 8
cm
0 22 1 0 0 
0 56 13 1 0 
0 17 65 19 0 
0 1 19 29 0 
0 1 0 6 0 
ccr: 0.600000
mae: 0.420000

Ejecucion 9
NHO: 8
cm
7 14 2 0 0 
9 43 17 1 0 
1 15 65 20 0 
0 2 26 21 0 
0 0 4 3 0 
ccr: 0.544000
mae: 0.496000

Ejecucion 10
NHO: 32
cm
15 8 1 0 0 
8 44 17 1 0 
0 19 64 18 0 
0 1 16 30 2 
0 1 1 4 0 
ccr: 0.612000
mae: 0.412000

Ejecucion 11
NHO: 32
cm
14 9 1 0 0 
5 42 22 1 0 
0 17 76 8 0 
0 1 17 29 2 
0 1 1 4 0 
ccr: 0.644000
mae: 0.380000

Ejecucion 12
NHO: 32
cm
14 8 2 0 0 
5 44 20 1 0 
0 16 73 12 0 
0 1 16 30 2 
0 1 1 4 0 
ccr: 0.644000
mae: 0.384000

Ejecucion 13
NHO: 8
cm
11 9 3 0 0 
5 41 24 0 0 
0 21 74 6 0 
0 1 45 4 0 
0 0 5 1 0 
ccr: 0.520000
mae: 0.516000

Ejecucion 14
NHO: 8
cm
13 7 2 1 0 
6 41 22 1 0 
0 19 74 8 0 
0 1 24 25 0 
0 0 0 6 0 
ccr: 0.612000
mae: 0.412000

Ejecucion 15
NHO: 8
cm
13 7 2 1 0 
6 43 20 1 0 
0 18 65 18 0 
0 0 19 31 0 
0 0 0 6 0 
ccr: 0.608000
mae: 0.412000

Ejecucion 16
NHO: 16
cm
9 9 4 1 0 
7 39 20 4 0 
0 14 64 23 0 
0 0 18 31 0 
0 0 2 5 0 
ccr: 0.572000
mae: 0.476000

Ejecucion 17
NHO: 16
cm
10 10 2 1 0 
6 40 20 3 1 
0 12 66 23 0 
0 1 12 35 1 
0 1 1 5 0 
ccr: 0.604000
mae: 0.448000

Ejecucion 18
NHO: 16
cm
6 13 3 1 0 
8 36 24 2 0 
1 8 78 14 0 
0 0 19 30 0 
0 1 1 5 0 
ccr: 0.600000
mae: 0.444000

Ejecucion 19
NHO: 16
cm
13 9 1 0 0 
4 48 17 1 0 
0 28 52 21 0 
0 0 22 28 0 
0 0 1 5 0 
ccr: 0.564000
mae: 0.448000

Ejecucion 20
NHO: 16
cm
13 9 1 0 0 
4 49 16 1 0 
0 29 55 17 0 
0 0 21 29 0 
0 0 0 6 0 
ccr: 0.584000
mae: 0.424000

Ejecucion 21
NHO: 16
cm
11 11 1 0 0 
3 48 18 1 0 
0 29 57 15 0 
0 0 19 28 3 
0 0 0 5 1 
ccr: 0.580000
mae: 0.428000

Ejecucion 22
NHO: 32
cm
15 5 3 0 0 
2 53 15 0 0 
0 24 65 11 1 
0 1 17 30 2 
0 0 0 6 0 
ccr: 0.652000
mae: 0.368000

Ejecucion 23
NHO: 32
cm
11 9 3 0 0 
1 53 14 2 0 
0 25 62 13 1 
0 1 13 34 2 
0 0 0 6 0 
ccr: 0.640000
mae: 0.388000

Ejecucion 24
NHO: 32
cm
13 7 3 0 0 
3 50 17 0 0 
2 21 65 13 0 
0 1 17 32 0 
0 0 0 6 0 
ccr: 0.640000
mae: 0.384000

Ejecucion 25
NHO: 32
cm
6 16 2 0 0 
3 43 22 2 0 
0 20 73 7 0 
0 1 23 26 0 
0 0 0 6 0 
ccr: 0.592000
mae: 0.428000

Ejecucion 26
NHO: 32
cm
10 12 2 0 0 
5 50 12 2 1 
0 26 65 9 0 
0 1 22 26 1 
0 0 2 4 0 
ccr: 0.604000
mae: 0.432000

Ejecucion 27
NHO: 32
cm
10 12 2 0 0 
8 41 20 1 0 
0 18 71 11 0 
0 1 19 30 0 
0 0 0 6 0 
ccr: 0.608000
mae: 0.408000

Ejecucion 28
NHO: 16
cm
16 6 2 0 0 
2 53 13 2 0 
0 22 68 10 0 
0 2 21 26 1 
0 0 2 3 1 
ccr: 0.656000
mae: 0.376000

Ejecucion 29
NHO: 16
cm
12 11 1 0 0 
2 44 22 2 0 
0 24 69 7 0 
0 5 19 24 2 
0 0 3 2 1 
ccr: 0.600000
mae: 0.444000

Ejecucion 30
NHO: 16
cm
12 10 2 0 0 
2 49 18 1 0 
0 23 68 9 0 
0 2 24 24 0 
0 1 2 3 0 
ccr: 0.612000
mae: 0.424000

SWD
Ejecucion 1
NHO: 16
cm
2 5 1 0 
1 56 30 1 
1 22 57 19 
0 3 29 23 
ccr: 0.552000
mae: 0.472000

Ejecucion 2
NHO: 16
cm
0 7 1 0 
2 57 27 2 
0 23 57 19 
0 3 21 31 
ccr: 0.580000
mae: 0.444000

Ejecucion 3
NHO: 16
cm
0 6 2 0 
0 57 26 5 
0 22 55 22 
0 2 27 26 
ccr: 0.552000
mae: 0.484000

Ejecucion 4
NHO: 16
cm
0 8 0 0 
2 61 18 7 
0 30 52 18 
0 3 20 31 
ccr: 0.576000
mae: 0.464000

Ejecucion 5
NHO: 16
cm
0 7 1 0 
0 63 21 4 
0 27 61 12 
0 2 30 22 
ccr: 0.584000
mae: 0.444000

Ejecucion 6
NHO: 16
cm
0 5 3 0 
0 59 26 3 
0 25 68 7 
0 5 30 19 
ccr: 0.584000
mae: 0.460000

Ejecucion 7
NHO: 4
cm
0 8 0 0 
0 62 24 2 
0 22 68 10 
0 2 28 24 
ccr: 0.616000
mae: 0.400000

Ejecucion 8
NHO: 4
cm
0 8 0 0 
0 65 17 6 
0 29 53 18 
0 4 25 25 
ccr: 0.572000
mae: 0.468000

Ejecucion 9
NHO: 4
cm
0 8 0 0 
0 64 19 5 
0 26 48 26 
0 2 14 38 
ccr: 0.600000
mae: 0.428000

Ejecucion 10
NHO: 8
cm
0 7 1 0 
0 48 35 5 
0 25 60 15 
0 1 25 28 
ccr: 0.544000
mae: 0.484000

Ejecucion 11
NHO: 8
cm
0 8 0 0 
0 64 18 6 
0 29 55 16 
0 2 23 29 
ccr: 0.592000
mae: 0.440000

Ejecucion 12
NHO: 8
cm
0 8 0 0 
0 60 22 6 
0 31 51 18 
0 0 24 30 
ccr: 0.564000
mae: 0.460000

Ejecucion 13
NHO: 8
cm
0 7 1 0 
0 60 25 3 
0 22 62 15 
0 2 24 29 
ccr: 0.604000
mae: 0.420000

Ejecucion 14
NHO: 8
cm
2 3 3 0 
2 53 32 1 
0 23 68 8 
0 1 33 21 
ccr: 0.576000
mae: 0.444000

Ejecucion 15
NHO: 8
cm
2 5 1 0 
3 54 27 4 
0 26 53 20 
0 2 14 39 
ccr: 0.592000
mae: 0.436000

Ejecucion 16
NHO: 16
cm
1 6 1 0 
5 54 25 4 
1 23 62 13 
0 2 32 21 
ccr: 0.552000
mae: 0.480000

Ejecucion 17
NHO: 16
cm
1 6 1 0 
1 58 26 3 
0 31 52 16 
0 1 28 26 
ccr: 0.548000
mae: 0.472000

Ejecucion 18
NHO: 16
cm
1 5 2 0 
1 54 31 2 
0 19 68 12 
0 1 32 22 
ccr: 0.580000
mae: 0.440000

Ejecucion 19
NHO: 8
cm
0 7 1 0 
0 68 19 1 
0 28 57 15 
0 1 29 24 
ccr: 0.596000
mae: 0.416000

Ejecucion 20
NHO: 8
cm
0 7 1 0 
3 60 23 2 
0 24 60 16 
0 1 27 26 
ccr: 0.584000
mae: 0.432000

Ejecucion 21
NHO: 8
cm
0 7 1 0 
0 70 16 2 
0 36 50 14 
0 4 35 15 
ccr: 0.540000
mae: 0.488000

Ejecucion 22
NHO: 8
cm
0 6 2 0 
0 56 26 6 
0 23 52 25 
0 4 25 25 
ccr: 0.532000
mae: 0.516000

Ejecucion 23
NHO: 8
cm
0 5 3 0 
0 54 29 5 
0 27 51 22 
0 3 25 26 
ccr: 0.524000
mae: 0.520000

Ejecucion 24
NHO: 8
cm
1 5 2 0 
0 53 34 1 
0 22 59 19 
0 4 23 27 
ccr: 0.560000
mae: 0.468000

Ejecucion 25
NHO: 32
cm
0 7 1 0 
0 53 26 9 
0 23 50 26 
0 3 20 32 
ccr: 0.540000
mae: 0.512000

Ejecucion 26
NHO: 32
cm
0 7 1 0 
0 53 28 7 
0 23 53 23 
0 5 24 26 
ccr: 0.528000
mae: 0.524000

Ejecucion 27
NHO: 32
cm
0 7 1 0 
0 45 38 5 
0 27 49 23 
0 3 30 22 
ccr: 0.464000
mae: 0.572000

Ejecucion 28
NHO: 16
cm
0 7 1 0 
0 65 21 2 
0 44 40 16 
0 1 30 23 
ccr: 0.512000
mae: 0.504000

Ejecucion 29
NHO: 16
cm
0 7 1 0 
0 69 15 4 
0 39 45 16 
0 2 26 26 
ccr: 0.560000
mae: 0.468000

Ejecucion 30
NHO: 16
cm
0 5 3 0 
0 62 25 1 
0 35 49 16 
0 1 28 25 
ccr: 0.544000
mae: 0.476000

automobile
Ejecucion 1
NHO: 32
cm
0 1 0 0 0 0 
0 1 4 0 0 0 
0 1 12 3 1 0 
0 0 2 6 5 1 
0 0 2 4 2 0 
0 0 1 1 1 4 
ccr: 0.480769
mae: 0.653846

Ejecucion 2
NHO: 32
cm
0 1 0 0 0 0 
0 3 0 1 0 1 
0 1 9 6 1 0 
0 2 0 8 0 4 
0 0 2 3 3 0 
0 1 0 1 0 5 
ccr: 0.538462
mae: 0.788462

Ejecucion 3
NHO: 32
cm
0 1 0 0 0 0 
0 4 1 0 0 0 
0 2 12 2 1 0 
0 1 0 12 0 1 
0 0 2 3 3 0 
0 0 0 0 0 7 
ccr: 0.730769
mae: 0.365385

Ejecucion 4
NHO: 32
cm
0 1 0 0 0 0 
0 5 1 0 0 0 
0 1 11 3 2 0 
0 0 4 8 0 1 
0 0 2 2 4 0 
0 0 0 0 1 6 
ccr: 0.653846
mae: 0.442308

Ejecucion 5
NHO: 32
cm
0 0 1 0 0 0 
0 0 5 1 0 0 
0 0 7 10 0 0 
0 0 0 12 1 0 
0 0 1 6 1 0 
0 0 0 5 0 2 
ccr: 0.423077
mae: 0.730769

Ejecucion 6
NHO: 32
cm
1 0 0 0 0 0 
2 3 1 0 0 0 
1 0 13 3 0 0 
0 1 1 9 1 1 
0 0 1 3 4 0 
0 0 0 0 0 7 
ccr: 0.711538
mae: 0.365385

Ejecucion 7
NHO: 32
cm
0 1 0 0 0 0 
0 2 2 0 2 0 
0 0 12 2 3 0 
0 0 0 9 2 2 
0 0 3 1 3 1 
0 0 0 1 1 5 
ccr: 0.596154
mae: 0.653846

Ejecucion 8
NHO: 32
cm
0 0 1 0 0 0 
0 1 5 0 0 0 
0 2 11 4 0 0 
0 0 2 9 0 2 
0 0 3 4 0 1 
0 0 1 2 0 4 
ccr: 0.480769
mae: 0.711538

Ejecucion 9
NHO: 32
cm
0 1 0 0 0 0 
0 6 0 0 0 0 
0 2 14 0 1 0 
0 1 1 8 2 1 
0 0 0 1 6 1 
0 0 0 0 3 4 
ccr: 0.730769
mae: 0.326923

Ejecucion 10
NHO: 16
cm
0 1 0 0 0 0 
0 5 1 0 0 0 
0 4 10 0 1 2 
0 1 0 10 0 3 
0 2 3 3 0 0 
0 0 0 1 0 5 
ccr: 0.576923
mae: 0.750000

Ejecucion 11
NHO: 16
cm
0 0 1 0 0 0 
0 3 3 0 0 0 
0 4 12 0 0 1 
0 2 2 6 4 0 
0 0 4 3 1 0 
0 0 0 1 0 5 
ccr: 0.519231
mae: 0.673077

Ejecucion 12
NHO: 16
cm
0 1 0 0 0 0 
0 5 1 0 0 0 
0 5 9 0 1 2 
0 2 2 7 2 1 
0 0 3 2 3 0 
0 0 0 1 1 4 
ccr: 0.538462
mae: 0.692308

Ejecucion 13
NHO: 32
cm
0 1 0 0 0 0 
0 0 6 0 0 0 
0 1 13 2 0 1 
0 0 4 9 0 1 
0 0 4 2 2 0 
0 0 0 2 0 4 
ccr: 0.538462
mae: 0.634615

Ejecucion 14
NHO: 32
cm
0 1 0 0 0 0 
0 3 3 0 0 0 
0 0 13 3 0 1 
0 1 2 9 1 1 
0 0 6 2 0 0 
0 0 0 0 1 5 
ccr: 0.576923
mae: 0.615385

Ejecucion 15
NHO: 32
cm
0 1 0 0 0 0 
0 4 2 0 0 0 
0 0 14 1 1 1 
0 1 2 9 1 1 
0 0 4 0 4 0 
0 0 0 0 1 5 
ccr: 0.692308
mae: 0.480769

Ejecucion 16
NHO: 32
cm
0 0 0 0 0 0 
0 6 0 0 0 0 
0 1 9 7 0 0 
0 2 0 10 0 2 
0 1 4 2 1 0 
0 0 0 0 2 5 
ccr: 0.596154
mae: 0.596154

Ejecucion 17
NHO: 32
cm
0 0 0 0 0 0 
1 3 1 0 1 0 
0 0 13 4 0 0 
0 0 1 12 0 1 
0 0 5 1 2 0 
0 0 0 0 2 5 
ccr: 0.673077
mae: 0.480769

Ejecucion 18
NHO: 32
cm
0 0 0 0 0 0 
0 4 2 0 0 0 
0 2 10 5 0 0 
0 1 1 9 2 1 
0 0 3 0 5 0 
0 0 1 0 0 6 
ccr: 0.653846
mae: 0.480769

Ejecucion 19
NHO: 32
cm
0 0 1 0 0 0 
0 5 1 0 0 0 
0 2 11 3 0 1 
0 1 1 9 0 2 
0 0 2 2 2 2 
0 0 0 0 0 7 
ccr: 0.653846
mae: 0.500000

Ejecucion 20
NHO: 32
cm
1 0 0 0 0 0 
1 2 1 2 0 0 
0 2 13 0 2 0 
0 0 1 9 2 1 
0 0 2 0 5 1 
0 0 0 0 1 6 
ccr: 0.692308
mae: 0.442308

Ejecucion 21
NHO: 32
cm
0 0 1 0 0 0 
0 1 4 0 0 1 
0 2 11 4 0 0 
0 1 0 10 0 2 
0 0 3 4 1 0 
0 0 0 2 0 5 
ccr: 0.538462
mae: 0.692308

Ejecucion 22
NHO: 32
cm
0 0 1 0 0 0 
0 0 5 0 1 0 
0 0 15 1 0 0 
0 0 3 10 1 0 
0 0 2 3 2 1 
0 0 0 4 0 3 
ccr: 0.576923
mae: 0.596154

Ejecucion 23
NHO: 32
cm
0 0 0 0 1 0 
0 1 4 0 1 0 
0 0 14 0 1 1 
0 0 5 8 1 0 
0 0 2 2 4 0 
0 1 0 1 0 5 
ccr: 0.615385
mae: 0.653846

Ejecucion 24
NHO: 32
cm
0 0 1 0 0 0 
0 1 4 1 0 0 
0 0 14 1 0 1 
0 0 1 13 0 0 
0 0 2 6 0 0 
0 0 0 2 2 3 
ccr: 0.596154
mae: 0.557692

Ejecucion 25
NHO: 32
cm
0 1 0 0 0 0 
0 5 0 0 0 0 
0 3 9 2 1 2 
0 0 3 7 0 4 
0 0 3 1 3 1 
0 0 0 3 1 3 
ccr: 0.519231
mae: 0.769231

Ejecucion 26
NHO: 32
cm
0 0 1 0 0 0 
0 1 4 0 0 0 
0 0 13 2 0 2 
0 0 2 8 1 3 
0 0 2 3 2 1 
0 0 0 5 0 2 
ccr: 0.500000
mae: 0.788462

Ejecucion 27
NHO: 32
cm
1 0 0 0 0 0 
0 3 2 0 0 0 
0 1 12 2 1 1 
0 0 2 7 1 4 
0 0 2 2 3 1 
0 0 1 0 3 3 
ccr: 0.557692
mae: 0.653846

Ejecucion 28
NHO: 32
cm
0 1 0 0 0 0 
0 3 3 0 0 0 
0 1 15 1 0 0 
0 0 2 10 1 0 
0 0 2 3 2 1 
0 0 0 3 1 3 
ccr: 0.634615
mae: 0.461538

Ejecucion 29
NHO: 32
cm
0 1 0 0 0 0 
1 5 0 0 0 0 
0 1 13 0 2 1 
0 0 1 12 0 0 
0 0 0 2 6 0 
0 0 0 0 0 7 
ccr: 0.826923
mae: 0.250000

Ejecucion 30
NHO: 32
cm
0 0 1 0 0 0 
0 1 5 0 0 0 
0 0 13 3 0 1 
0 1 2 9 0 1 
0 1 2 4 1 0 
0 0 0 0 1 6 
ccr: 0.576923
mae: 0.596154

balance
Ejecucion 1
NHO: 32
cm
71 0 1 
4 1 8 
1 0 71 
ccr: 0.910828
mae: 0.101911

Ejecucion 2
NHO: 32
cm
70 1 1 
2 10 1 
3 1 68 
ccr: 0.942675
mae: 0.082803

Ejecucion 3
NHO: 32
cm
71 0 1 
5 1 7 
2 0 70 
ccr: 0.904459
mae: 0.114650

Ejecucion 4
NHO: 32
cm
72 0 0 
3 6 4 
1 1 70 
ccr: 0.942675
mae: 0.063694

Ejecucion 5
NHO: 32
cm
72 0 0 
4 7 2 
1 1 70 
ccr: 0.949045
mae: 0.057325

Ejecucion 6
NHO: 32
cm
72 0 0 
2 10 1 
1 1 70 
ccr: 0.968153
mae: 0.038217

Ejecucion 7
NHO: 16
cm
72 0 0 
5 1 7 
3 0 69 
ccr: 0.904459
mae: 0.114650

Ejecucion 8
NHO: 16
cm
71 1 0 
6 2 5 
1 0 71 
ccr: 0.917197
mae: 0.089172

Ejecucion 9
NHO: 16
cm
72 0 0 
5 5 3 
2 1 69 
ccr: 0.929936
mae: 0.082803

Ejecucion 10
NHO: 16
cm
71 1 0 
7 2 4 
0 0 72 
ccr: 0.923567
mae: 0.076433

Ejecucion 11
NHO: 16
cm
70 0 2 
2 10 1 
1 0 71 
ccr: 0.961783
mae: 0.057325

Ejecucion 12
NHO: 16
cm
70 0 2 
1 8 4 
0 1 71 
ccr: 0.949045
mae: 0.063694

Ejecucion 13
NHO: 16
cm
70 1 1 
2 9 2 
1 1 70 
ccr: 0.949045
mae: 0.063694

Ejecucion 14
NHO: 16
cm
66 0 6 
7 0 6 
4 0 68 
ccr: 0.853503
mae: 0.210191

Ejecucion 15
NHO: 16
cm
70 0 2 
9 0 4 
1 0 71 
ccr: 0.898089
mae: 0.121019

Ejecucion 16
NHO: 32
cm
70 1 1 
5 4 4 
0 0 72 
ccr: 0.929936
mae: 0.076433

Ejecucion 17
NHO: 32
cm
70 1 1 
6 3 4 
0 0 72 
ccr: 0.923567
mae: 0.082803

Ejecucion 18
NHO: 32
cm
72 0 0 
1 5 7 
0 2 70 
ccr: 0.936306
mae: 0.063694

Ejecucion 19
NHO: 16
cm
72 0 0 
1 8 4 
1 1 70 
ccr: 0.955414
mae: 0.050955

Ejecucion 20
NHO: 16
cm
70 0 2 
8 0 5 
0 0 72 
ccr: 0.904459
mae: 0.108280

Ejecucion 21
NHO: 16
cm
72 0 0 
2 10 1 
1 1 70 
ccr: 0.968153
mae: 0.038217

Ejecucion 22
NHO: 32
cm
71 1 0 
1 11 1 
1 1 70 
ccr: 0.968153
mae: 0.038217

Ejecucion 23
NHO: 32
cm
69 2 1 
3 10 0 
1 1 70 
ccr: 0.949045
mae: 0.063694

Ejecucion 24
NHO: 32
cm
70 1 1 
10 0 3 
0 0 72 
ccr: 0.904459
mae: 0.101911

Ejecucion 25
NHO: 32
cm
69 1 2 
6 1 6 
0 1 71 
ccr: 0.898089
mae: 0.114650

Ejecucion 26
NHO: 32
cm
71 0 1 
3 1 9 
1 0 71 
ccr: 0.910828
mae: 0.101911

Ejecucion 27
NHO: 32
cm
72 0 0 
1 5 7 
0 0 72 
ccr: 0.949045
mae: 0.050955

Ejecucion 28
NHO: 16
cm
68 3 1 
3 8 2 
1 2 69 
ccr: 0.923567
mae: 0.089172

Ejecucion 29
NHO: 16
cm
71 0 1 
8 0 5 
1 0 71 
ccr: 0.904459
mae: 0.108280

Ejecucion 30
NHO: 16
cm
71 0 1 
5 6 2 
2 1 69 
ccr: 0.929936
mae: 0.089172

bondrate
Ejecucion 1
NHO: 16
cm
0 1 0 0 0 
0 8 0 1 0 
0 2 1 0 0 
0 0 0 1 0 
0 0 0 1 0 
ccr: 0.666667
mae: 0.400000

Ejecucion 2
NHO: 16
cm
0 1 0 0 0 
1 8 0 0 0 
0 3 0 0 0 
0 1 0 0 0 
0 1 0 0 0 
ccr: 0.533333
mae: 0.666667

Ejecucion 3
NHO: 16
cm
0 1 0 0 0 
1 8 0 0 0 
0 2 1 0 0 
0 1 0 0 0 
0 0 0 1 0 
ccr: 0.600000
mae: 0.466667

Ejecucion 4
NHO: 4
cm
0 1 0 0 0 
0 9 0 0 0 
0 2 1 0 0 
0 0 1 0 0 
0 0 1 0 0 
ccr: 0.666667
mae: 0.400000

Ejecucion 5
NHO: 4
cm
0 1 0 0 0 
1 8 0 0 0 
1 2 0 0 0 
0 1 0 0 0 
0 1 0 0 0 
ccr: 0.533333
mae: 0.733333

Ejecucion 6
NHO: 4
cm
0 1 0 0 0 
0 8 1 0 0 
0 3 0 0 0 
0 1 0 0 0 
0 1 0 0 0 
ccr: 0.533333
mae: 0.666667

Ejecucion 7
NHO: 16
cm
0 1 0 0 0 
0 8 1 0 0 
0 3 0 0 0 
0 2 0 0 0 
0 0 0 0 0 
ccr: 0.533333
mae: 0.600000

Ejecucion 8
NHO: 16
cm
0 1 0 0 0 
0 9 0 0 0 
0 3 0 0 0 
0 2 0 0 0 
0 0 0 0 0 
ccr: 0.600000
mae: 0.533333

Ejecucion 9
NHO: 16
cm
0 1 0 0 0 
0 9 0 0 0 
0 3 0 0 0 
0 2 0 0 0 
0 0 0 0 0 
ccr: 0.600000
mae: 0.533333

Ejecucion 10
NHO: 16
cm
0 1 0 0 0 
0 9 0 0 0 
0 3 0 0 0 
0 1 0 0 0 
0 1 0 0 0 
ccr: 0.600000
mae: 0.600000

Ejecucion 11
NHO: 16
cm
1 0 0 0 0 
1 8 0 0 0 
0 3 0 0 0 
0 1 0 0 0 
0 1 0 0 0 
ccr: 0.600000
mae: 0.600000

Ejecucion 12
NHO: 16
cm
0 1 0 0 0 
0 9 0 0 0 
0 3 0 0 0 
0 0 0 1 0 
0 1 0 0 0 
ccr: 0.666667
mae: 0.466667

Ejecucion 13
NHO: 32
cm
0 2 0 0 0 
0 8 0 0 0 
0 3 0 0 0 
0 1 0 0 0 
0 1 0 0 0 
ccr: 0.533333
mae: 0.666667

Ejecucion 14
NHO: 32
cm
0 2 0 0 0 
2 6 0 0 0 
1 2 0 0 0 
0 1 0 0 0 
0 1 0 0 0 
ccr: 0.400000
mae: 0.866667

Ejecucion 15
NHO: 32
cm
0 2 0 0 0 
0 8 0 0 0 
1 2 0 0 0 
0 1 0 0 0 
0 0 0 1 0 
ccr: 0.533333
mae: 0.600000

Ejecucion 16
NHO: 32
cm
0 2 0 0 0 
0 8 0 0 0 
0 3 0 0 0 
0 1 0 0 0 
0 1 0 0 0 
ccr: 0.533333
mae: 0.666667

Ejecucion 17
NHO: 32
cm
0 2 0 0 0 
0 8 0 0 0 
0 3 0 0 0 
0 1 0 0 0 
0 1 0 0 0 
ccr: 0.533333
mae: 0.666667

Ejecucion 18
NHO: 32
cm
1 1 0 0 0 
0 7 1 0 0 
0 1 2 0 0 
0 0 1 0 0 
0 0 1 0 0 
ccr: 0.666667
mae: 0.400000

Ejecucion 19
NHO: 32
cm
0 1 0 0 0 
0 9 0 0 0 
0 3 0 0 0 
0 1 0 0 0 
0 1 0 0 0 
ccr: 0.600000
mae: 0.600000

Ejecucion 20
NHO: 32
cm
0 1 0 0 0 
0 9 0 0 0 
0 2 1 0 0 
0 1 0 0 0 
0 1 0 0 0 
ccr: 0.666667
mae: 0.533333

Ejecucion 21
NHO: 32
cm
0 1 0 0 0 
0 7 2 0 0 
0 3 0 0 0 
0 0 0 1 0 
0 0 1 0 0 
ccr: 0.533333
mae: 0.533333

Ejecucion 22
NHO: 16
cm
0 1 0 0 0 
0 9 0 0 0 
0 2 0 1 0 
0 1 0 0 0 
0 1 0 0 0 
ccr: 0.600000
mae: 0.600000

Ejecucion 23
NHO: 16
cm
0 1 0 0 0 
1 7 1 0 0 
0 2 1 0 0 
0 1 0 0 0 
0 1 0 0 0 
ccr: 0.533333
mae: 0.666667

Ejecucion 24
NHO: 16
cm
0 1 0 0 0 
2 4 2 1 0 
1 2 0 0 0 
0 0 0 1 0 
0 0 0 1 0 
ccr: 0.333333
mae: 0.800000

Ejecucion 25
NHO: 32
cm
0 1 0 0 0 
0 8 0 0 0 
0 3 0 0 0 
0 2 0 0 0 
0 1 0 0 0 
ccr: 0.533333
mae: 0.733333

Ejecucion 26
NHO: 32
cm
0 0 1 0 0 
0 7 1 0 0 
0 2 1 0 0 
0 2 0 0 0 
0 1 0 0 0 
ccr: 0.533333
mae: 0.800000

Ejecucion 27
NHO: 32
cm
0 0 1 0 0 
0 6 2 0 0 
0 2 1 0 0 
0 2 0 0 0 
0 0 1 0 0 
ccr: 0.466667
mae: 0.800000

Ejecucion 28
NHO: 8
cm
0 1 0 0 0 
0 8 1 0 0 
0 2 1 0 0 
0 1 0 0 0 
0 0 1 0 0 
ccr: 0.600000
mae: 0.533333

Ejecucion 29
NHO: 8
cm
0 1 0 0 0 
2 5 1 1 0 
0 1 1 1 0 
0 0 0 1 0 
0 0 0 1 0 
ccr: 0.466667
mae: 0.600000

Ejecucion 30
NHO: 8
cm
0 1 0 0 0 
0 7 2 0 0 
0 1 2 0 0 
0 0 1 0 0 
0 0 1 0 0 
ccr: 0.600000
mae: 0.466667

car
Ejecucion 1
NHO: 32
cm
288 15 0 0 
1 93 1 1 
0 0 17 0 
0 0 0 16 
ccr: 0.958333
mae: 0.043981

Ejecucion 2
NHO: 32
cm
283 18 2 0 
1 92 2 1 
0 0 17 0 
0 0 0 16 
ccr: 0.944444
mae: 0.062500

Ejecucion 3
NHO: 32
cm
289 13 1 0 
0 95 1 0 
0 0 17 0 
0 0 0 16 
ccr: 0.965278
mae: 0.037037

Ejecucion 4
NHO: 32
cm
300 2 1 0 
3 91 1 1 
0 1 16 0 
0 0 0 16 
ccr: 0.979167
mae: 0.025463

Ejecucion 5
NHO: 32
cm
301 2 0 0 
3 92 1 0 
0 0 16 1 
0 0 0 16 
ccr: 0.983796
mae: 0.016204

Ejecucion 6
NHO: 32
cm
300 2 1 0 
3 92 1 0 
0 0 17 0 
0 1 0 15 
ccr: 0.981481
mae: 0.023148

Ejecucion 7
NHO: 32
cm
297 5 1 0 
2 93 1 0 
0 1 15 1 
0 1 0 15 
ccr: 0.972222
mae: 0.032407

Ejecucion 8
NHO: 32
cm
299 3 1 0 
3 93 0 0 
2 1 13 1 
0 0 0 16 
ccr: 0.974537
mae: 0.032407

Ejecucion 9
NHO: 32
cm
297 5 1 0 
3 92 0 1 
0 2 13 2 
0 0 0 16 
ccr: 0.967593
mae: 0.037037

Ejecucion 10
NHO: 16
cm
297 4 2 0 
1 93 1 1 
0 0 17 0 
0 0 0 16 
ccr: 0.979167
mae: 0.027778

Ejecucion 11
NHO: 16
cm
299 4 0 0 
1 93 1 1 
0 0 17 0 
0 0 0 16 
ccr: 0.983796
mae: 0.018519

Ejecucion 12
NHO: 16
cm
293 8 2 0 
2 92 2 0 
0 0 17 0 
0 0 0 16 
ccr: 0.967593
mae: 0.037037

Ejecucion 13
NHO: 32
cm
299 3 1 0 
0 95 0 1 
0 3 14 0 
0 0 0 16 
ccr: 0.981481
mae: 0.023148

Ejecucion 14
NHO: 32
cm
295 7 1 0 
3 90 2 1 
0 2 15 0 
0 0 0 16 
ccr: 0.962963
mae: 0.041667

Ejecucion 15
NHO: 32
cm
302 1 0 0 
2 93 0 1 
0 3 14 0 
0 0 0 16 
ccr: 0.983796
mae: 0.018519

Ejecucion 16
NHO: 32
cm
303 0 0 0 
4 89 3 0 
0 0 16 1 
0 0 0 16 
ccr: 0.981481
mae: 0.018519

Ejecucion 17
NHO: 32
cm
302 1 0 0 
2 93 1 0 
0 0 16 1 
0 0 0 16 
ccr: 0.988426
mae: 0.011574

Ejecucion 18
NHO: 32
cm
303 0 0 0 
2 91 3 0 
0 0 16 1 
0 0 1 15 
ccr: 0.983796
mae: 0.016204

Ejecucion 19
NHO: 32
cm
300 3 0 0 
5 91 0 0 
0 1 16 0 
0 1 1 14 
ccr: 0.974537
mae: 0.027778

Ejecucion 20
NHO: 32
cm
298 3 2 0 
4 90 0 2 
0 1 16 0 
0 1 1 14 
ccr: 0.967593
mae: 0.043981

Ejecucion 21
NHO: 32
cm
297 5 1 0 
4 92 0 0 
0 1 16 0 
0 1 0 15 
ccr: 0.972222
mae: 0.032407

Ejecucion 22
NHO: 32
cm
302 1 0 0 
0 95 1 0 
0 1 16 0 
0 0 0 16 
ccr: 0.993056
mae: 0.006944

Ejecucion 23
NHO: 32
cm
302 1 0 0 
1 94 0 1 
0 0 17 0 
0 0 0 16 
ccr: 0.993056
mae: 0.009259

Ejecucion 24
NHO: 32
cm
300 3 0 0 
0 94 1 1 
0 1 16 0 
0 0 0 16 
ccr: 0.986111
mae: 0.016204

Ejecucion 25
NHO: 32
cm
299 2 1 0 
3 92 1 0 
0 0 17 0 
0 0 0 17 
ccr: 0.983796
mae: 0.018519

Ejecucion 26
NHO: 32
cm
298 3 1 0 
3 92 1 0 
0 0 17 0 
1 0 0 16 
ccr: 0.979167
mae: 0.027778

Ejecucion 27
NHO: 32
cm
299 3 0 0 
1 94 1 0 
0 0 16 1 
0 0 0 17 
ccr: 0.986111
mae: 0.013889

Ejecucion 28
NHO: 32
cm
299 4 0 0 
2 93 0 1 
0 2 15 0 
0 0 0 16 
ccr: 0.979167
mae: 0.023148

Ejecucion 29
NHO: 32
cm
301 2 0 0 
1 94 0 1 
0 2 15 0 
0 0 0 16 
ccr: 0.986111
mae: 0.016204

Ejecucion 30
NHO: 32
cm
300 3 0 0 
1 95 0 0 
0 0 17 0 
0 0 0 16 
ccr: 0.990741
mae: 0.009259

contact-lenses
Ejecucion 1
NHO: 32
cm
3 1 0 
1 0 0 
0 0 1 
ccr: 0.666667
mae: 0.333333

Ejecucion 2
NHO: 32
cm
4 0 0 
0 1 0 
0 0 1 
ccr: 1.000000
mae: 0.000000

Ejecucion 3
NHO: 32
cm
3 0 1 
0 1 0 
0 0 1 
ccr: 0.833333
mae: 0.333333

Ejecucion 4
NHO: 1
cm
1 0 3 
1 0 0 
0 0 1 
ccr: 0.333333
mae: 1.166667

Ejecucion 5
NHO: 1
cm
4 0 0 
0 1 0 
1 0 0 
ccr: 0.833333
mae: 0.333333

Ejecucion 6
NHO: 1
cm
0 0 4 
0 0 1 
0 0 1 
ccr: 0.166667
mae: 1.500000

Ejecucion 7
NHO: 32
cm
2 1 0 
0 2 0 
0 0 1 
ccr: 0.833333
mae: 0.166667

Ejecucion 8
NHO: 32
cm
1 2 0 
0 1 1 
0 0 1 
ccr: 0.500000
mae: 0.500000

Ejecucion 9
NHO: 32
cm
2 0 1 
2 0 0 
1 0 0 
ccr: 0.333333
mae: 1.000000

Ejecucion 10
NHO: 16
cm
3 1 0 
0 1 0 
1 0 0 
ccr: 0.666667
mae: 0.500000

Ejecucion 11
NHO: 16
cm
3 1 0 
0 1 0 
0 1 0 
ccr: 0.666667
mae: 0.333333

Ejecucion 12
NHO: 16
cm
2 2 0 
0 1 0 
1 0 0 
ccr: 0.500000
mae: 0.666667

Ejecucion 13
NHO: 32
cm
4 0 0 
0 1 0 
1 0 0 
ccr: 0.833333
mae: 0.333333

Ejecucion 14
NHO: 32
cm
3 0 1 
0 1 0 
1 0 0 
ccr: 0.666667
mae: 0.666667

Ejecucion 15
NHO: 32
cm
4 0 0 
0 1 0 
1 0 0 
ccr: 0.833333
mae: 0.333333

Ejecucion 16
NHO: 2
cm
4 0 0 
1 0 0 
0 1 0 
ccr: 0.666667
mae: 0.333333

Ejecucion 17
NHO: 2
cm
4 0 0 
1 0 0 
1 0 0 
ccr: 0.666667
mae: 0.500000

Ejecucion 18
NHO: 2
cm
4 0 0 
0 1 0 
0 0 1 
ccr: 1.000000
mae: 0.000000

Ejecucion 19
NHO: 32
cm
2 1 1 
0 1 0 
0 0 1 
ccr: 0.666667
mae: 0.500000

Ejecucion 20
NHO: 32
cm
2 1 1 
0 1 0 
1 0 0 
ccr: 0.500000
mae: 0.833333

Ejecucion 21
NHO: 32
cm
2 1 1 
0 1 0 
1 0 0 
ccr: 0.500000
mae: 0.833333

Ejecucion 22
NHO: 32
cm
3 1 0 
1 0 0 
0 0 1 
ccr: 0.666667
mae: 0.333333

Ejecucion 23
NHO: 32
cm
3 1 0 
1 0 0 
0 1 0 
ccr: 0.500000
mae: 0.500000

Ejecucion 24
NHO: 32
cm
3 1 0 
0 1 0 
0 0 1 
ccr: 0.833333
mae: 0.166667

Ejecucion 25
NHO: 32
cm
2 2 0 
1 0 0 
1 0 0 
ccr: 0.333333
mae: 0.833333

Ejecucion 26
NHO: 32
cm
4 0 0 
1 0 0 
1 0 0 
ccr: 0.666667
mae: 0.500000

Ejecucion 27
NHO: 32
cm
4 0 0 
1 0 0 
1 0 0 
ccr: 0.666667
mae: 0.500000

Ejecucion 28
NHO: 32
cm
4 0 0 
0 1 0 
1 0 0 
ccr: 0.833333
mae: 0.333333

Ejecucion 29
NHO: 32
cm
4 0 0 
0 1 0 
1 0 0 
ccr: 0.833333
mae: 0.333333

Ejecucion 30
NHO: 32
cm
4 0 0 
0 1 0 
1 0 0 
ccr: 0.833333
mae: 0.333333

depresion
Ejecucion 1
NHO: 32
cm
102 0 0 
23 0 0 
7 0 0 
ccr: 0.772727
mae: 0.280303

Ejecucion 2
NHO: 32
cm
97 2 3 
22 0 1 
7 0 0 
ccr: 0.734848
mae: 0.340909

Ejecucion 3
NHO: 32
cm
98 1 3 
20 2 1 
7 0 0 
ccr: 0.757576
mae: 0.318182

eucalyptus
Ejecucion 1
NHO: 32
cm
42 3 0 0 0 
8 10 7 1 1 
1 4 24 1 2 
2 0 9 34 9 
1 0 1 13 11 
ccr: 0.657609
mae: 0.418478

Ejecucion 2
NHO: 32
cm
40 5 0 0 0 
8 10 6 2 1 
2 5 21 3 1 
2 1 7 38 6 
1 0 0 13 12 
ccr: 0.657609
mae: 0.423913

Ejecucion 3
NHO: 32
cm
35 9 1 0 0 
5 18 4 0 0 
1 10 15 6 0 
0 2 6 39 7 
2 0 2 12 10 
ccr: 0.635870
mae: 0.429348

Ejecucion 4
NHO: 16
cm
33 6 6 0 0 
9 13 3 1 0 
1 7 13 11 0 
1 2 7 44 0 
0 0 1 26 0 
ccr: 0.559783
mae: 0.510870

Ejecucion 5
NHO: 16
cm
37 6 1 1 0 
9 14 2 1 0 
1 7 16 8 0 
0 2 10 41 1 
0 0 1 17 9 
ccr: 0.635870
mae: 0.407609

Ejecucion 6
NHO: 16
cm
35 4 3 3 0 
8 16 0 2 0 
1 10 8 13 0 
0 3 5 39 7 
0 1 0 12 14 
ccr: 0.608696
mae: 0.483696

Ejecucion 7
NHO: 32
cm
37 3 4 0 1 
8 10 8 1 0 
2 7 11 12 0 
1 0 8 36 9 
1 0 0 14 11 
ccr: 0.570652
mae: 0.510870

Ejecucion 8
NHO: 32
cm
38 2 0 1 4 
9 10 6 2 0 
3 4 16 9 0 
1 0 10 36 7 
0 0 1 14 11 
ccr: 0.603261
mae: 0.516304

Ejecucion 9
NHO: 32
cm
34 5 1 5 0 
6 14 6 0 1 
5 4 11 11 1 
0 1 6 42 5 
0 0 0 15 11 
ccr: 0.608696
mae: 0.500000

Ejecucion 10
NHO: 16
cm
33 9 1 2 0 
9 11 5 2 0 
2 1 10 19 0 
1 1 4 41 7 
0 0 3 18 5 
ccr: 0.543478
mae: 0.538043

Ejecucion 11
NHO: 16
cm
34 5 4 2 0 
10 8 8 1 0 
0 1 15 15 1 
0 3 10 34 7 
0 0 5 10 11 
ccr: 0.554348
mae: 0.543478

Ejecucion 12
NHO: 16
cm
38 5 1 0 1 
7 19 0 1 0 
0 10 5 17 0 
1 2 2 40 9 
0 0 0 17 9 
ccr: 0.603261
mae: 0.445652

Ejecucion 13
NHO: 16
cm
38 1 2 4 0 
13 3 7 3 0 
3 1 15 11 2 
0 0 6 32 16 
0 0 3 16 8 
ccr: 0.521739
mae: 0.592391

Ejecucion 14
NHO: 16
cm
35 4 1 5 0 
7 14 4 1 0 
1 6 9 16 0 
0 0 5 48 1 
0 0 1 25 1 
ccr: 0.581522
mae: 0.494565

Ejecucion 15
NHO: 16
cm
42 1 1 1 0 
11 7 6 0 2 
3 3 16 8 2 
1 1 5 36 11 
0 0 2 12 13 
ccr: 0.619565
mae: 0.472826

Ejecucion 16
NHO: 32
cm
39 3 1 2 0 
6 8 10 3 0 
0 1 18 13 0 
1 1 9 39 4 
0 0 1 13 12 
ccr: 0.630435
mae: 0.434783

Ejecucion 17
NHO: 32
cm
38 6 1 0 0 
5 18 4 0 0 
2 4 9 17 0 
0 1 6 34 13 
0 0 1 10 15 
ccr: 0.619565
mae: 0.407609

Ejecucion 18
NHO: 32
cm
36 8 0 1 0 
6 12 8 1 0 
0 3 16 13 0 
0 0 11 33 10 
0 0 1 13 12 
ccr: 0.592391
mae: 0.429348

Ejecucion 19
NHO: 16
cm
37 3 1 4 0 
5 16 4 1 0 
1 5 18 8 0 
0 1 7 38 8 
0 1 2 16 8 
ccr: 0.635870
mae: 0.451087

Ejecucion 20
NHO: 16
cm
33 8 1 3 0 
7 13 3 1 2 
1 5 18 8 0 
0 1 10 41 2 
0 1 6 14 6 
ccr: 0.603261
mae: 0.516304

Ejecucion 21
NHO: 16
cm
39 4 2 0 0 
6 17 3 0 0 
2 4 18 8 0 
0 1 6 42 5 
0 1 2 19 5 
ccr: 0.657609
mae: 0.391304

Ejecucion 22
NHO: 32
cm
36 7 1 1 0 
6 15 6 0 0 
2 4 17 9 0 
0 1 11 35 7 
0 0 2 12 12 
ccr: 0.625000
mae: 0.418478

Ejecucion 23
NHO: 32
cm
38 5 2 0 0 
10 9 7 0 1 
1 7 15 9 0 
0 2 8 35 9 
0 0 1 12 13 
ccr: 0.597826
mae: 0.445652

Ejecucion 24
NHO: 32
cm
37 6 1 1 0 
4 13 8 2 0 
2 3 10 14 3 
0 2 5 38 9 
0 1 1 14 10 
ccr: 0.586957
mae: 0.494565

Ejecucion 25
NHO: 16
cm
29 13 0 3 0 
3 20 1 3 0 
2 4 5 22 0 
0 0 1 46 6 
0 0 1 16 9 
ccr: 0.592391
mae: 0.472826

Ejecucion 26
NHO: 16
cm
39 4 1 1 0 
7 9 7 4 0 
1 0 17 14 1 
0 1 9 39 4 
0 0 6 16 4 
ccr: 0.586957
mae: 0.500000

Ejecucion 27
NHO: 16
cm
38 5 0 2 0 
13 10 1 3 0 
8 5 5 14 1 
1 3 2 41 6 
0 2 0 24 0 
ccr: 0.510870
mae: 0.625000

Ejecucion 28
NHO: 32
cm
41 4 0 0 0 
9 14 2 1 0 
2 12 7 9 3 
2 2 3 36 10 
0 2 4 10 11 
ccr: 0.592391
mae: 0.516304

Ejecucion 29
NHO: 32
cm
38 7 0 0 0 
8 14 3 0 1 
1 8 11 13 0 
2 0 4 36 11 
0 0 2 13 12 
ccr: 0.603261
mae: 0.445652

Ejecucion 30
NHO: 32
cm
37 7 1 0 0 
6 13 6 1 0 
2 5 13 12 1 
2 0 7 34 10 
0 0 3 12 12 
ccr: 0.592391
mae: 0.472826

newthyroid
Ejecucion 1
NHO: 8
cm
6 1 0 
0 37 1 
0 1 8 
ccr: 0.944444
mae: 0.055556

Ejecucion 2
NHO: 8
cm
6 1 0 
0 37 1 
0 0 9 
ccr: 0.962963
mae: 0.037037

Ejecucion 3
NHO: 8
cm
7 0 0 
0 37 1 
0 1 8 
ccr: 0.962963
mae: 0.037037

Ejecucion 4
NHO: 8
cm
6 1 0 
0 38 0 
0 0 9 
ccr: 0.981481
mae: 0.018519

Ejecucion 5
NHO: 8
cm
2 5 0 
0 38 0 
0 0 9 
ccr: 0.907407
mae: 0.092593

Ejecucion 6
NHO: 8
cm
6 1 0 
0 38 0 
0 0 9 
ccr: 0.981481
mae: 0.018519

Ejecucion 7
NHO: 8
cm
6 1 0 
0 36 2 
0 0 9 
ccr: 0.944444
mae: 0.055556

Ejecucion 8
NHO: 8
cm
6 1 0 
0 36 2 
0 0 9 
ccr: 0.944444
mae: 0.055556

Ejecucion 9
NHO: 8
cm
5 2 0 
0 37 1 
0 0 9 
ccr: 0.944444
mae: 0.055556

Ejecucion 10
NHO: 32
cm
7 0 0 
1 37 0 
0 0 9 
ccr: 0.981481
mae: 0.018519

Ejecucion 11
NHO: 32
cm
7 0 0 
0 38 0 
0 1 8 
ccr: 0.981481
mae: 0.018519

Ejecucion 12
NHO: 32
cm
7 0 0 
0 38 0 
0 1 8 
ccr: 0.981481
mae: 0.018519

Ejecucion 13
NHO: 32
cm
7 0 0 
1 36 1 
0 1 8 
ccr: 0.944444
mae: 0.055556

Ejecucion 14
NHO: 32
cm
7 0 0 
0 38 0 
0 0 9 
ccr: 1.000000
mae: 0.000000

Ejecucion 15
NHO: 32
cm
7 0 0 
0 38 0 
0 0 9 
ccr: 1.000000
mae: 0.000000

Ejecucion 16
NHO: 16
cm
8 0 0 
0 36 1 
0 0 9 
ccr: 0.981481
mae: 0.018519

Ejecucion 17
NHO: 16
cm
5 3 0 
0 37 0 
0 1 8 
ccr: 0.925926
mae: 0.074074

Ejecucion 18
NHO: 16
cm
6 2 0 
0 37 0 
0 0 9 
ccr: 0.962963
mae: 0.037037

Ejecucion 19
NHO: 16
cm
6 1 0 
0 38 0 
0 2 7 
ccr: 0.944444
mae: 0.055556

Ejecucion 20
NHO: 16
cm
5 2 0 
0 38 0 
0 3 6 
ccr: 0.907407
mae: 0.092593

Ejecucion 21
NHO: 16
cm
6 1 0 
0 38 0 
0 2 7 
ccr: 0.944444
mae: 0.055556

Ejecucion 22
NHO: 32
cm
0 7 0 
0 37 1 
0 0 9 
ccr: 0.851852
mae: 0.148148

Ejecucion 23
NHO: 32
cm
7 0 0 
1 36 1 
0 1 8 
ccr: 0.944444
mae: 0.055556

Ejecucion 24
NHO: 32
cm
7 0 0 
0 37 1 
0 1 8 
ccr: 0.962963
mae: 0.037037

Ejecucion 25
NHO: 32
cm
8 0 0 
0 37 0 
0 0 9 
ccr: 1.000000
mae: 0.000000

Ejecucion 26
NHO: 32
cm
8 0 0 
1 35 1 
0 0 9 
ccr: 0.962963
mae: 0.037037

Ejecucion 27
NHO: 32
cm
8 0 0 
0 36 1 
0 0 9 
ccr: 0.981481
mae: 0.018519

Ejecucion 28
NHO: 32
cm
6 1 0 
0 38 0 
0 0 9 
ccr: 0.981481
mae: 0.018519

Ejecucion 29
NHO: 32
cm
5 2 0 
0 38 0 
0 0 9 
ccr: 0.962963
mae: 0.037037

Ejecucion 30
NHO: 32
cm
4 3 0 
1 37 0 
0 0 9 
ccr: 0.925926
mae: 0.074074

pasture
Ejecucion 1
NHO: 16
cm
2 1 0 
0 1 2 
0 0 3 
ccr: 0.666667
mae: 0.333333

Ejecucion 2
NHO: 16
cm
3 0 0 
1 2 0 
1 0 2 
ccr: 0.777778
mae: 0.333333

Ejecucion 3
NHO: 16
cm
1 2 0 
1 2 0 
1 1 1 
ccr: 0.444444
mae: 0.666667

Ejecucion 4
NHO: 16
cm
3 0 0 
1 1 1 
1 0 2 
ccr: 0.666667
mae: 0.444444

Ejecucion 5
NHO: 16
cm
3 0 0 
2 0 1 
0 0 3 
ccr: 0.666667
mae: 0.333333

Ejecucion 6
NHO: 16
cm
3 0 0 
1 2 0 
0 1 2 
ccr: 0.777778
mae: 0.222222

Ejecucion 7
NHO: 32
cm
3 0 0 
1 1 1 
0 0 3 
ccr: 0.777778
mae: 0.222222

Ejecucion 8
NHO: 32
cm
2 1 0 
2 0 1 
0 1 2 
ccr: 0.444444
mae: 0.555556

Ejecucion 9
NHO: 32
cm
2 1 0 
2 0 1 
0 0 3 
ccr: 0.555556
mae: 0.444444

Ejecucion 10
NHO: 16
cm
2 0 1 
1 0 2 
0 0 3 
ccr: 0.555556
mae: 0.555556

Ejecucion 11
NHO: 16
cm
3 0 0 
1 2 0 
0 1 2 
ccr: 0.777778
mae: 0.222222

Ejecucion 12
NHO: 16
cm
3 0 0 
1 1 1 
0 0 3 
ccr: 0.777778
mae: 0.222222

Ejecucion 13
NHO: 16
cm
3 0 0 
1 2 0 
1 0 2 
ccr: 0.777778
mae: 0.333333

Ejecucion 14
NHO: 16
cm
3 0 0 
1 2 0 
1 0 2 
ccr: 0.777778
mae: 0.333333

Ejecucion 15
NHO: 16
cm
3 0 0 
1 2 0 
0 2 1 
ccr: 0.666667
mae: 0.333333

Ejecucion 16
NHO: 32
cm
3 0 0 
2 1 0 
1 0 2 
ccr: 0.666667
mae: 0.444444

Ejecucion 17
NHO: 32
cm
3 0 0 
1 2 0 
0 1 2 
ccr: 0.777778
mae: 0.222222

Ejecucion 18
NHO: 32
cm
3 0 0 
1 2 0 
0 1 2 
ccr: 0.777778
mae: 0.222222

Ejecucion 19
NHO: 8
cm
3 0 0 
2 0 1 
0 0 3 
ccr: 0.666667
mae: 0.333333

Ejecucion 20
NHO: 8
cm
3 0 0 
2 1 0 
0 0 3 
ccr: 0.777778
mae: 0.222222

Ejecucion 21
NHO: 8
cm
3 0 0 
2 1 0 
0 1 2 
ccr: 0.666667
mae: 0.333333

Ejecucion 22
NHO: 16
cm
2 1 0 
1 2 0 
0 0 3 
ccr: 0.777778
mae: 0.222222

Ejecucion 23
NHO: 16
cm
2 1 0 
1 2 0 
0 0 3 
ccr: 0.777778
mae: 0.222222

Ejecucion 24
NHO: 16
cm
2 0 1 
0 3 0 
0 0 3 
ccr: 0.888889
mae: 0.222222

Ejecucion 25
NHO: 16
cm
3 0 0 
0 3 0 
0 0 3 
ccr: 1.000000
mae: 0.000000

Ejecucion 26
NHO: 16
cm
2 0 1 
0 1 2 
0 0 3 
ccr: 0.666667
mae: 0.444444

Ejecucion 27
NHO: 16
cm
2 1 0 
0 3 0 
0 1 2 
ccr: 0.777778
mae: 0.222222

Ejecucion 28
NHO: 8
cm
2 1 0 
0 3 0 
0 0 3 
ccr: 0.888889
mae: 0.111111

Ejecucion 29
NHO: 8
cm
3 0 0 
3 0 0 
0 0 3 
ccr: 0.666667
mae: 0.333333

Ejecucion 30
NHO: 8
cm
2 1 0 
0 2 1 
0 0 3 
ccr: 0.777778
mae: 0.222222

squash-stored
Ejecucion 1
NHO: 32
cm
5 1 0 
1 3 1 
0 1 1 
ccr: 0.692308
mae: 0.307692

Ejecucion 2
NHO: 32
cm
5 1 0 
1 3 1 
0 0 2 
ccr: 0.769231
mae: 0.230769

Ejecucion 3
NHO: 32
cm
5 1 0 
2 1 2 
0 0 2 
ccr: 0.615385
mae: 0.384615

Ejecucion 4
NHO: 32
cm
5 0 0 
3 2 1 
1 0 1 
ccr: 0.615385
mae: 0.461538

Ejecucion 5
NHO: 32
cm
4 1 0 
4 1 1 
1 0 1 
ccr: 0.461538
mae: 0.615385

Ejecucion 6
NHO: 32
cm
4 1 0 
2 3 1 
1 0 1 
ccr: 0.615385
mae: 0.461538

Ejecucion 7
NHO: 16
cm
6 0 0 
2 3 0 
0 0 2 
ccr: 0.846154
mae: 0.153846

Ejecucion 8
NHO: 16
cm
6 0 0 
1 4 0 
0 1 1 
ccr: 0.846154
mae: 0.153846

Ejecucion 9
NHO: 16
cm
5 1 0 
0 5 0 
1 0 1 
ccr: 0.846154
mae: 0.230769

Ejecucion 10
NHO: 16
cm
4 2 0 
2 2 1 
1 1 0 
ccr: 0.461538
mae: 0.615385

Ejecucion 11
NHO: 16
cm
4 2 0 
4 0 1 
1 0 1 
ccr: 0.384615
mae: 0.692308

Ejecucion 12
NHO: 16
cm
4 2 0 
2 2 1 
1 1 0 
ccr: 0.461538
mae: 0.615385

Ejecucion 13
NHO: 32
cm
4 2 0 
1 2 2 
0 0 2 
ccr: 0.615385
mae: 0.384615

Ejecucion 14
NHO: 32
cm
5 1 0 
1 2 2 
0 0 2 
ccr: 0.692308
mae: 0.307692

Ejecucion 15
NHO: 32
cm
3 3 0 
1 2 2 
0 0 2 
ccr: 0.538462
mae: 0.461538

Ejecucion 16
NHO: 32
cm
6 0 0 
2 3 0 
0 0 2 
ccr: 0.846154
mae: 0.153846

Ejecucion 17
NHO: 32
cm
5 1 0 
2 3 0 
0 0 2 
ccr: 0.769231
mae: 0.230769

Ejecucion 18
NHO: 32
cm
6 0 0 
2 3 0 
0 0 2 
ccr: 0.846154
mae: 0.153846

Ejecucion 19
NHO: 32
cm
3 2 0 
3 3 0 
0 1 1 
ccr: 0.538462
mae: 0.461538

Ejecucion 20
NHO: 32
cm
5 0 0 
3 3 0 
1 0 1 
ccr: 0.692308
mae: 0.384615

Ejecucion 21
NHO: 32
cm
5 0 0 
2 4 0 
0 1 1 
ccr: 0.769231
mae: 0.230769

Ejecucion 22
NHO: 32
cm
4 2 0 
1 3 1 
0 1 1 
ccr: 0.615385
mae: 0.384615

Ejecucion 23
NHO: 32
cm
5 1 0 
0 5 0 
0 1 1 
ccr: 0.846154
mae: 0.153846

Ejecucion 24
NHO: 32
cm
4 2 0 
1 4 0 
0 1 1 
ccr: 0.692308
mae: 0.307692

Ejecucion 25
NHO: 32
cm
4 0 1 
1 5 0 
0 1 1 
ccr: 0.769231
mae: 0.307692

Ejecucion 26
NHO: 32
cm
4 1 0 
2 3 1 
0 1 1 
ccr: 0.615385
mae: 0.384615

Ejecucion 27
NHO: 32
cm
4 1 0 
2 4 0 
0 1 1 
ccr: 0.692308
mae: 0.307692

Ejecucion 28
NHO: 32
cm
3 2 0 
3 3 0 
0 1 1 
ccr: 0.538462
mae: 0.461538

Ejecucion 29
NHO: 32
cm
3 2 0 
3 3 0 
0 1 1 
ccr: 0.538462
mae: 0.461538

Ejecucion 30
NHO: 32
cm
3 2 0 
3 3 0 
0 2 0 
ccr: 0.461538
mae: 0.538462

squash-unstored
Ejecucion 1
NHO: 16
cm
5 1 0 
2 4 0 
0 1 0 
ccr: 0.692308
mae: 0.307692

Ejecucion 2
NHO: 16
cm
4 2 0 
1 5 0 
0 1 0 
ccr: 0.692308
mae: 0.307692

Ejecucion 3
NHO: 16
cm
5 1 0 
1 5 0 
0 1 0 
ccr: 0.769231
mae: 0.230769

Ejecucion 4
NHO: 32
cm
5 1 0 
1 3 2 
0 0 1 
ccr: 0.692308
mae: 0.307692

Ejecucion 5
NHO: 32
cm
6 0 0 
1 4 1 
0 0 1 
ccr: 0.846154
mae: 0.153846

Ejecucion 6
NHO: 32
cm
4 2 0 
1 5 0 
0 1 0 
ccr: 0.692308
mae: 0.307692

Ejecucion 7
NHO: 8
cm
3 3 0 
2 4 0 
0 1 0 
ccr: 0.538462
mae: 0.461538

Ejecucion 8
NHO: 8
cm
3 3 0 
2 4 0 
0 1 0 
ccr: 0.538462
mae: 0.461538

Ejecucion 9
NHO: 8
cm
5 1 0 
3 3 0 
0 1 0 
ccr: 0.615385
mae: 0.384615

Ejecucion 10
NHO: 16
cm
5 1 0 
1 5 0 
0 1 0 
ccr: 0.769231
mae: 0.230769

Ejecucion 11
NHO: 16
cm
3 3 0 
1 5 0 
0 1 0 
ccr: 0.615385
mae: 0.384615

Ejecucion 12
NHO: 16
cm
4 2 0 
0 6 0 
0 1 0 
ccr: 0.769231
mae: 0.230769

Ejecucion 13
NHO: 32
cm
6 0 0 
3 3 0 
0 1 0 
ccr: 0.692308
mae: 0.307692

Ejecucion 14
NHO: 32
cm
4 2 0 
1 5 0 
0 1 0 
ccr: 0.692308
mae: 0.307692

Ejecucion 15
NHO: 32
cm
5 1 0 
1 5 0 
0 1 0 
ccr: 0.769231
mae: 0.230769

Ejecucion 16
NHO: 32
cm
4 2 0 
0 6 0 
0 1 0 
ccr: 0.769231
mae: 0.230769

Ejecucion 17
NHO: 32
cm
6 0 0 
0 5 1 
0 0 1 
ccr: 0.923077
mae: 0.076923

Ejecucion 18
NHO: 32
cm
4 2 0 
2 3 1 
0 0 1 
ccr: 0.615385
mae: 0.384615

Ejecucion 19
NHO: 16
cm
6 0 0 
4 2 0 
0 1 0 
ccr: 0.615385
mae: 0.384615

Ejecucion 20
NHO: 16
cm
6 0 0 
0 6 0 
0 0 1 
ccr: 1.000000
mae: 0.000000

Ejecucion 21
NHO: 16
cm
5 1 0 
3 3 0 
0 1 0 
ccr: 0.615385
mae: 0.384615

Ejecucion 22
NHO: 8
cm
3 3 0 
2 4 0 
0 1 0 
ccr: 0.538462
mae: 0.461538

Ejecucion 23
NHO: 8
cm
3 3 0 
2 4 0 
0 1 0 
ccr: 0.538462
mae: 0.461538

Ejecucion 24
NHO: 8
cm
5 1 0 
4 2 0 
0 1 0 
ccr: 0.538462
mae: 0.461538

Ejecucion 25
NHO: 16
cm
5 1 0 
2 4 0 
0 1 0 
ccr: 0.692308
mae: 0.307692

Ejecucion 26
NHO: 16
cm
5 1 0 
1 4 1 
0 1 0 
ccr: 0.692308
mae: 0.307692

Ejecucion 27
NHO: 16
cm
6 0 0 
1 4 1 
0 1 0 
ccr: 0.769231
mae: 0.230769

Ejecucion 28
NHO: 32
cm
5 1 0 
5 1 0 
0 1 0 
ccr: 0.461538
mae: 0.538462

Ejecucion 29
NHO: 32
cm
4 2 0 
4 2 0 
0 1 0 
ccr: 0.461538
mae: 0.538462

Ejecucion 30
NHO: 32
cm
5 1 0 
5 1 0 
0 1 0 
ccr: 0.461538
mae: 0.538462

tae
Ejecucion 1
NHO: 32
cm
9 2 1 
10 2 1 
5 2 6 
ccr: 0.447368
mae: 0.710526

Ejecucion 2
NHO: 32
cm
8 1 3 
7 3 3 
4 2 7 
ccr: 0.473684
mae: 0.710526

Ejecucion 3
NHO: 32
cm
5 4 3 
3 8 2 
1 6 6 
ccr: 0.500000
mae: 0.605263

Ejecucion 4
NHO: 16
cm
4 5 3 
2 7 4 
0 6 7 
ccr: 0.473684
mae: 0.605263

Ejecucion 5
NHO: 16
cm
4 5 3 
1 6 6 
0 4 9 
ccr: 0.500000
mae: 0.578947

Ejecucion 6
NHO: 16
cm
5 6 1 
4 4 5 
3 4 6 
ccr: 0.394737
mae: 0.710526

Ejecucion 7
NHO: 4
cm
0 1 11 
0 2 11 
0 0 13 
ccr: 0.394737
mae: 0.894737

Ejecucion 8
NHO: 4
cm
1 9 2 
2 9 2 
2 8 3 
ccr: 0.342105
mae: 0.763158

Ejecucion 9
NHO: 4
cm
1 11 0 
0 12 1 
0 10 3 
ccr: 0.421053
mae: 0.578947

Ejecucion 10
NHO: 16
cm
1 6 6 
1 8 3 
0 5 8 
ccr: 0.447368
mae: 0.710526

Ejecucion 11
NHO: 16
cm
4 1 8 
1 7 4 
2 2 9 
ccr: 0.526316
mae: 0.736842

Ejecucion 12
NHO: 16
cm
7 5 1 
6 6 0 
5 4 4 
ccr: 0.447368
mae: 0.710526

Ejecucion 13
NHO: 32
cm
4 5 3 
5 7 1 
3 4 6 
ccr: 0.447368
mae: 0.710526

Ejecucion 14
NHO: 32
cm
1 7 4 
1 7 5 
4 5 4 
ccr: 0.315789
mae: 0.894737

Ejecucion 15
NHO: 32
cm
9 0 3 
8 0 5 
6 0 7 
ccr: 0.421053
mae: 0.815789

Ejecucion 16
NHO: 8
cm
3 4 5 
1 12 0 
6 1 6 
ccr: 0.552632
mae: 0.736842

Ejecucion 17
NHO: 8
cm
10 1 1 
9 4 0 
7 1 5 
ccr: 0.500000
mae: 0.710526

Ejecucion 18
NHO: 8
cm
7 0 5 
10 0 3 
11 0 2 
ccr: 0.236842
mae: 1.184211

Ejecucion 19
NHO: 32
cm
3 6 3 
2 5 6 
1 3 9 
ccr: 0.447368
mae: 0.657895

Ejecucion 20
NHO: 32
cm
5 5 2 
5 5 3 
2 3 8 
ccr: 0.473684
mae: 0.631579

Ejecucion 21
NHO: 32
cm
5 5 2 
3 6 4 
4 2 7 
ccr: 0.473684
mae: 0.684211

Ejecucion 22
NHO: 4
cm
6 0 7 
1 1 10 
2 1 10 
ccr: 0.447368
mae: 0.789474

Ejecucion 23
NHO: 4
cm
6 0 7 
3 0 9 
4 5 4 
ccr: 0.263158
mae: 1.026316

Ejecucion 24
NHO: 4
cm
6 3 4 
3 2 7 
9 0 4 
ccr: 0.315789
mae: 1.026316

Ejecucion 25
NHO: 16
cm
6 3 3 
7 1 5 
7 4 2 
ccr: 0.236842
mae: 1.026316

Ejecucion 26
NHO: 16
cm
4 4 4 
3 8 2 
4 6 3 
ccr: 0.394737
mae: 0.815789

Ejecucion 27
NHO: 16
cm
10 1 1 
11 0 2 
6 1 6 
ccr: 0.421053
mae: 0.763158

Ejecucion 28
NHO: 16
cm
9 2 1 
6 1 6 
4 0 9 
ccr: 0.500000
mae: 0.631579

Ejecucion 29
NHO: 16
cm
3 7 2 
3 5 5 
1 9 3 
ccr: 0.289474
mae: 0.789474

Ejecucion 30
NHO: 16
cm
3 8 1 
3 5 5 
2 6 5 
ccr: 0.342105
mae: 0.736842

thyroid
Ejecucion 1
NHO: 32
cm
1659 7 1 
8 31 2 
88 3 1 
ccr: 0.939444
mae: 0.110000

Ejecucion 2
NHO: 32
cm
1662 5 0 
7 31 3 
86 3 3 
ccr: 0.942222
mae: 0.105556

Ejecucion 3
NHO: 32
cm
1662 4 1 
7 32 2 
87 3 2 
ccr: 0.942222
mae: 0.106667

Ejecucion 4
NHO: 32
cm
1662 5 0 
7 33 1 
84 5 3 
ccr: 0.943333
mae: 0.103333

Ejecucion 5
NHO: 32
cm
1664 3 0 
10 31 0 
87 3 2 
ccr: 0.942778
mae: 0.105556

Ejecucion 6
NHO: 32
cm
1665 2 0 
6 34 1 
82 5 5 
ccr: 0.946667
mae: 0.098889

Ejecucion 7
NHO: 16
cm
1664 3 0 
12 28 1 
90 2 0 
ccr: 0.940000
mae: 0.110000

Ejecucion 8
NHO: 16
cm
1657 7 3 
3 33 5 
79 4 9 
ccr: 0.943889
mae: 0.101667

Ejecucion 9
NHO: 16
cm
1667 0 0 
41 0 0 
92 0 0 
ccr: 0.926111
mae: 0.125000

Ejecucion 10
NHO: 32
cm
1663 4 0 
9 32 0 
89 3 0 
ccr: 0.941667
mae: 0.107778

Ejecucion 11
NHO: 32
cm
1663 4 0 
5 35 1 
81 10 1 
ccr: 0.943889
mae: 0.101111

Ejecucion 12
NHO: 32
cm
1664 3 0 
9 32 0 
84 7 1 
ccr: 0.942778
mae: 0.103889

Ejecucion 13
NHO: 32
cm
1665 2 0 
8 32 1 
57 2 33 
ccr: 0.961111
mae: 0.070556

Ejecucion 14
NHO: 32
cm
1666 1 0 
10 31 0 
89 2 1 
ccr: 0.943333
mae: 0.106111

Ejecucion 15
NHO: 32
cm
1665 1 1 
9 32 0 
90 2 0 
ccr: 0.942778
mae: 0.107778

Ejecucion 16
NHO: 32
cm
1665 2 0 
11 30 0 
92 0 0 
ccr: 0.941667
mae: 0.109444

Ejecucion 17
NHO: 32
cm
1664 3 0 
11 29 1 
92 0 0 
ccr: 0.940556
mae: 0.110556

Ejecucion 18
NHO: 32
cm
1665 2 0 
12 29 0 
92 0 0 
ccr: 0.941111
mae: 0.110000

Ejecucion 19
NHO: 32
cm
1661 2 4 
7 29 5 
60 1 31 
ccr: 0.956111
mae: 0.079444

Ejecucion 20
NHO: 32
cm
1663 4 0 
11 30 0 
90 1 1 
ccr: 0.941111
mae: 0.108889

Ejecucion 21
NHO: 32
cm
1661 5 1 
6 34 1 
88 3 1 
ccr: 0.942222
mae: 0.107222

Ejecucion 22
NHO: 32
cm
1665 2 0 
10 26 5 
89 3 0 
ccr: 0.939444
mae: 0.110000

Ejecucion 23
NHO: 32
cm
1664 3 0 
6 35 0 
90 2 0 
ccr: 0.943889
mae: 0.106111

Ejecucion 24
NHO: 32
cm
1665 2 0 
5 36 0 
88 4 0 
ccr: 0.945000
mae: 0.103889

Ejecucion 25
NHO: 32
cm
1665 1 1 
5 29 7 
65 0 27 
ccr: 0.956111
mae: 0.080556

Ejecucion 26
NHO: 32
cm
1664 3 0 
8 32 1 
89 1 2 
ccr: 0.943333
mae: 0.106111

Ejecucion 27
NHO: 32
cm
1661 2 4 
3 35 3 
75 0 17 
ccr: 0.951667
mae: 0.092222

Ejecucion 28
NHO: 16
cm
1658 9 0 
7 32 2 
84 5 3 
ccr: 0.940556
mae: 0.106111

Ejecucion 29
NHO: 16
cm
1662 4 1 
6 29 6 
30 1 61 
ccr: 0.973333
mae: 0.043889

Ejecucion 30
NHO: 16
cm
1661 6 0 
10 31 0 
89 2 1 
ccr: 0.940556
mae: 0.108889

winequality-red
Ejecucion 1
NHO: 8
cm
0 0 2 0 0 0 
0 0 12 1 0 0 
0 1 127 40 3 0 
0 1 48 97 13 0 
0 0 1 31 18 0 
0 0 0 2 3 0 
ccr: 0.605000
mae: 0.420000

Ejecucion 2
NHO: 8
cm
0 0 2 0 0 0 
0 1 11 1 0 0 
0 0 129 39 3 0 
0 0 47 96 16 0 
0 0 2 33 15 0 
0 0 0 2 3 0 
ccr: 0.602500
mae: 0.422500

Ejecucion 3
NHO: 8
cm
0 0 2 0 0 0 
0 0 12 1 0 0 
0 0 125 44 2 0 
0 1 45 101 12 0 
0 0 0 36 14 0 
0 0 0 3 2 0 
ccr: 0.600000
mae: 0.422500

Ejecucion 4
NHO: 32
cm
0 0 3 0 0 0 
0 0 7 6 0 0 
2 0 135 34 0 0 
0 0 69 90 0 0 
0 0 7 40 3 0 
0 0 0 4 0 0 
ccr: 0.570000
mae: 0.485000

Ejecucion 5
NHO: 32
cm
0 0 3 0 0 0 
1 0 9 2 1 0 
2 0 129 40 0 0 
0 0 62 96 1 0 
0 0 6 39 5 0 
0 0 0 3 1 0 
ccr: 0.575000
mae: 0.470000

Ejecucion 6
NHO: 32
cm
0 0 3 0 0 0 
0 0 8 4 1 0 
2 0 131 38 0 0 
0 0 70 85 4 0 
0 0 6 37 7 0 
0 0 0 3 1 0 
ccr: 0.557500
mae: 0.492500

Ejecucion 7
NHO: 32
cm
0 0 3 0 0 0 
0 1 8 4 0 0 
1 0 122 45 2 0 
0 1 53 92 14 0 
0 0 2 32 16 0 
0 0 0 3 1 0 
ccr: 0.577500
mae: 0.462500

Ejecucion 8
NHO: 32
cm
0 0 3 0 0 0 
0 0 10 3 0 0 
1 0 126 43 0 0 
0 0 56 98 6 0 
0 0 4 38 8 0 
0 0 0 4 0 0 
ccr: 0.580000
mae: 0.457500

Ejecucion 9
NHO: 32
cm
0 0 3 0 0 0 
0 0 8 5 0 0 
0 1 125 44 0 0 
0 0 55 96 9 0 
0 0 5 37 8 0 
0 0 0 4 0 0 
ccr: 0.572500
mae: 0.470000

Ejecucion 10
NHO: 32
cm
0 0 1 1 0 0 
0 1 8 3 1 0 
0 0 132 38 0 0 
0 0 53 91 16 0 
0 0 2 33 15 0 
0 0 0 5 0 0 
ccr: 0.597500
mae: 0.440000

Ejecucion 11
NHO: 32
cm
0 0 1 1 0 0 
0 0 9 4 0 0 
0 0 133 37 0 0 
0 0 55 90 15 0 
0 0 3 31 16 0 
0 0 0 4 1 0 
ccr: 0.597500
mae: 0.437500

Ejecucion 12
NHO: 32
cm
1 0 0 1 0 0 
0 0 8 4 1 0 
2 0 128 40 0 0 
0 0 57 85 18 0 
0 0 6 23 21 0 
0 0 0 3 1 1 
ccr: 0.590000
mae: 0.457500

Ejecucion 13
NHO: 16
cm
0 0 3 0 0 0 
1 0 10 2 0 0 
1 0 121 47 1 0 
0 1 55 79 24 1 
0 0 1 29 20 0 
0 0 0 1 3 0 
ccr: 0.550000
mae: 0.477500

Ejecucion 14
NHO: 16
cm
0 0 3 0 0 0 
0 0 11 2 0 0 
0 0 124 43 3 0 
0 0 54 89 17 0 
0 0 4 33 13 0 
0 0 0 0 4 0 
ccr: 0.565000
mae: 0.465000

Ejecucion 15
NHO: 16
cm
0 0 3 0 0 0 
0 0 11 2 0 0 
0 0 129 40 1 0 
0 0 64 73 23 0 
0 0 3 30 17 0 
0 0 0 2 2 0 
ccr: 0.547500
mae: 0.480000

Ejecucion 16
NHO: 32
cm
0 0 3 0 0 0 
0 0 7 6 0 0 
0 0 135 34 1 0 
0 0 63 95 2 0 
0 0 1 43 6 0 
0 0 0 3 1 0 
ccr: 0.590000
mae: 0.445000

Ejecucion 17
NHO: 32
cm
0 0 3 0 0 0 
0 0 8 5 0 0 
2 0 130 38 0 0 
0 0 67 90 3 0 
0 0 1 38 11 0 
0 0 0 3 1 0 
ccr: 0.577500
mae: 0.457500

Ejecucion 18
NHO: 32
cm
0 0 3 0 0 0 
0 0 7 5 1 0 
2 0 134 33 1 0 
0 0 59 97 4 0 
0 0 1 41 8 0 
0 0 0 2 2 0 
ccr: 0.597500
mae: 0.442500

Ejecucion 19
NHO: 32
cm
0 0 2 0 0 0 
0 0 5 8 0 0 
0 1 118 52 0 0 
0 0 59 95 5 0 
0 0 3 41 6 0 
0 0 0 4 1 0 
ccr: 0.547500
mae: 0.495000

Ejecucion 20
NHO: 32
cm
0 0 2 0 0 0 
0 0 8 5 0 0 
0 0 120 47 4 0 
0 0 58 92 9 0 
0 0 2 37 11 0 
0 0 0 3 2 0 
ccr: 0.557500
mae: 0.482500

Ejecucion 21
NHO: 32
cm
0 0 2 0 0 0 
0 0 7 6 0 0 
0 0 118 51 2 0 
0 1 55 92 11 0 
0 0 1 34 15 0 
0 0 0 4 1 0 
ccr: 0.562500
mae: 0.477500

Ejecucion 22
NHO: 32
cm
0 0 2 0 0 0 
0 0 11 1 1 0 
0 0 127 41 2 0 
0 0 54 94 12 0 
0 0 5 33 12 0 
0 0 1 3 1 0 
ccr: 0.582500
mae: 0.460000

Ejecucion 23
NHO: 32
cm
0 0 1 1 0 0 
0 0 11 1 1 0 
0 0 119 49 2 0 
0 0 50 100 10 0 
0 0 7 31 12 0 
0 0 0 2 3 0 
ccr: 0.577500
mae: 0.465000

Ejecucion 24
NHO: 32
cm
0 0 2 0 0 0 
0 0 10 2 1 0 
0 0 123 45 2 0 
0 0 50 103 7 0 
0 0 7 32 11 0 
0 0 0 4 1 0 
ccr: 0.592500
mae: 0.455000

Ejecucion 25
NHO: 32
cm
0 0 2 0 0 0 
0 0 11 2 0 0 
0 0 126 40 4 0 
0 0 60 91 8 1 
0 0 5 32 13 0 
0 0 0 4 1 0 
ccr: 0.575000
mae: 0.470000

Ejecucion 26
NHO: 32
cm
0 0 2 0 0 0 
0 0 12 1 0 0 
0 0 133 36 1 0 
0 0 60 99 1 0 
0 0 5 36 9 0 
0 0 1 3 1 0 
ccr: 0.602500
mae: 0.432500

Ejecucion 27
NHO: 32
cm
0 0 2 0 0 0 
0 0 10 2 0 1 
0 0 129 40 1 0 
0 0 65 87 8 0 
0 0 5 33 12 0 
0 0 0 4 1 0 
ccr: 0.570000
mae: 0.472500

Ejecucion 28
NHO: 32
cm
0 0 2 1 0 0 
0 0 10 2 1 0 
1 0 121 47 1 0 
0 0 50 91 19 0 
0 0 3 30 16 1 
0 0 0 3 1 0 
ccr: 0.570000
mae: 0.470000

Ejecucion 29
NHO: 32
cm
0 0 2 1 0 0 
0 0 11 2 0 0 
1 0 131 36 2 0 
0 0 59 89 12 0 
0 0 2 35 13 0 
0 0 0 3 1 0 
ccr: 0.582500
mae: 0.452500

Ejecucion 30
NHO: 32
cm
0 0 2 1 0 0 
0 0 10 2 1 0 
0 0 129 41 0 0 
0 0 62 93 5 0 
0 0 1 41 8 0 
0 0 0 4 0 0 
ccr: 0.575000
mae: 0.457500

winequality-white
Ejecucion 1
NHO: 32
cm
0 0 3 2 0 0 0 
0 2 20 18 1 0 0 
0 0 197 166 1 0 0 
0 0 117 396 37 0 0 
0 0 9 162 49 0 0 
0 0 2 25 17 0 0 
0 0 0 0 1 0 0 
ccr: 0.525714
mae: 0.528980

Ejecucion 2
NHO: 32
cm
0 0 3 2 0 0 0 
0 1 20 19 1 0 0 
0 1 192 170 1 0 0 
0 0 97 415 38 0 0 
0 0 7 163 50 0 0 
0 0 0 28 16 0 0 
0 0 0 0 1 0 0 
ccr: 0.537143
mae: 0.515918

Ejecucion 3
NHO: 32
cm
0 0 3 2 0 0 0 
0 1 20 19 1 0 0 
0 1 198 163 2 0 0 
0 1 104 397 48 0 0 
0 0 13 149 58 0 0 
0 0 3 23 18 0 0 
0 0 0 0 1 0 0 
ccr: 0.533878
mae: 0.526531

Ejecucion 4
NHO: 32
cm
0 1 2 2 0 0 0 
0 4 18 19 0 0 0 
0 3 215 143 3 0 0 
1 0 102 396 50 0 1 
0 0 8 149 63 0 0 
0 0 1 25 18 0 0 
0 0 0 0 1 0 0 
ccr: 0.553469
mae: 0.502041

Ejecucion 5
NHO: 32
cm
0 2 1 2 0 0 0 
0 6 19 16 0 0 0 
1 1 220 138 4 0 0 
1 2 113 386 48 0 0 
0 0 19 141 60 0 0 
0 0 2 27 15 0 0 
0 0 0 0 1 0 0 
ccr: 0.548571
mae: 0.517551

Ejecucion 6
NHO: 32
cm
0 0 4 1 0 0 0 
0 0 25 16 0 0 0 
1 0 213 146 4 0 0 
1 1 104 393 51 0 0 
0 1 9 146 64 0 0 
0 0 2 26 16 0 0 
0 0 0 0 1 0 0 
ccr: 0.546939
mae: 0.511837

Ejecucion 7
NHO: 32
cm
0 0 2 3 0 0 0 
0 5 25 11 0 0 0 
0 0 191 169 4 0 0 
0 0 109 412 29 0 0 
0 0 6 165 48 1 0 
0 0 0 33 11 0 0 
0 0 0 1 0 0 0 
ccr: 0.535510
mae: 0.516735

Ejecucion 8
NHO: 32
cm
0 0 3 2 0 0 0 
0 3 25 13 0 0 0 
2 0 204 153 5 0 0 
0 0 117 391 42 0 0 
0 0 9 148 63 0 0 
0 0 0 31 13 0 0 
0 0 0 0 1 0 0 
ccr: 0.539592
mae: 0.515918

Ejecucion 9
NHO: 32
cm
0 0 2 3 0 0 0 
1 3 26 11 0 0 0 
2 1 195 161 5 0 0 
0 0 102 415 33 0 0 
0 0 7 158 54 1 0 
0 0 0 33 11 0 0 
0 0 0 0 1 0 0 
ccr: 0.544490
mae: 0.510204

Ejecucion 10
NHO: 32
cm
1 1 3 0 0 0 0 
0 2 22 16 1 0 0 
0 1 203 154 6 0 0 
0 0 102 414 34 0 0 
0 0 9 146 65 0 0 
0 0 0 31 13 0 0 
0 0 0 0 1 0 0 
ccr: 0.559184
mae: 0.496327

Ejecucion 11
NHO: 32
cm
1 0 4 0 0 0 0 
0 1 23 17 0 0 0 
0 0 205 157 2 0 0 
0 0 107 421 22 0 0 
0 0 13 160 47 0 0 
0 0 0 31 13 0 0 
0 0 0 1 0 0 0 
ccr: 0.551020
mae: 0.505306

Ejecucion 12
NHO: 32
cm
0 1 3 0 0 0 1 
0 2 21 18 0 0 0 
0 0 209 150 5 0 0 
0 0 102 416 32 0 0 
0 0 18 148 54 0 0 
0 0 4 25 15 0 0 
0 0 0 0 1 0 0 
ccr: 0.555918
mae: 0.511837

Ejecucion 13
NHO: 32
cm
1 0 0 3 1 0 0 
0 0 27 11 3 0 0 
0 0 204 153 7 0 0 
0 0 104 420 26 0 0 
0 0 11 148 61 0 0 
0 0 5 29 10 0 0 
0 0 0 0 1 0 0 
ccr: 0.560000
mae: 0.508571

Ejecucion 14
NHO: 32
cm
0 0 2 2 1 0 0 
0 1 26 12 2 0 0 
0 0 207 152 5 0 0 
0 0 104 415 31 0 0 
0 0 13 143 64 0 0 
0 0 4 23 17 0 0 
0 0 0 1 0 0 0 
ccr: 0.560816
mae: 0.501224

Ejecucion 15
NHO: 32
cm
0 0 2 2 1 0 0 
0 7 22 12 0 0 0 
0 3 196 160 5 0 0 
0 0 121 409 20 0 0 
0 0 9 152 59 0 0 
0 0 0 33 11 0 0 
0 0 0 1 0 0 0 
ccr: 0.547755
mae: 0.509388

Ejecucion 16
NHO: 16
cm
0 0 2 3 0 0 0 
0 1 25 14 1 0 0 
0 0 185 172 7 0 0 
0 0 99 389 62 0 0 
0 0 11 136 73 0 0 
0 0 0 26 18 0 0 
0 0 0 1 0 0 0 
ccr: 0.528980
mae: 0.528163

Ejecucion 17
NHO: 16
cm
0 0 2 3 0 0 0 
0 0 22 18 1 0 0 
0 0 191 167 6 0 0 
0 0 104 393 53 0 0 
0 0 11 148 61 0 0 
0 0 0 29 15 0 0 
0 0 0 1 0 0 0 
ccr: 0.526531
mae: 0.535510

Ejecucion 18
NHO: 16
cm
0 0 2 3 0 0 0 
0 2 19 19 1 0 0 
0 0 198 161 5 0 0 
0 0 104 408 38 0 0 
0 0 13 150 57 0 0 
0 1 2 26 15 0 0 
0 0 0 1 0 0 0 
ccr: 0.542857
mae: 0.524082

Ejecucion 19
NHO: 32
cm
0 0 0 5 0 0 0 
0 0 24 16 1 0 0 
0 3 197 161 3 0 0 
0 0 91 412 47 0 0 
0 0 6 153 61 0 0 
0 0 1 30 13 0 0 
0 0 0 0 1 0 0 
ccr: 0.546939
mae: 0.510204

Ejecucion 20
NHO: 32
cm
0 0 0 5 0 0 0 
0 2 22 15 2 0 0 
0 0 193 168 2 1 0 
0 0 86 419 45 0 0 
0 0 7 154 59 0 0 
0 0 2 30 12 0 0 
0 0 0 0 1 0 0 
ccr: 0.549388
mae: 0.511837

Ejecucion 21
NHO: 32
cm
0 0 0 5 0 0 0 
0 3 21 14 3 0 0 
0 4 192 162 6 0 0 
0 0 85 417 48 0 0 
0 0 6 153 61 0 0 
0 0 0 32 12 0 0 
0 0 0 0 1 0 0 
ccr: 0.549388
mae: 0.511837

Ejecucion 22
NHO: 32
cm
0 0 2 3 0 0 0 
0 0 23 17 1 0 0 
0 2 207 151 4 0 0 
0 1 119 392 38 0 0 
0 0 6 156 58 0 0 
0 0 0 27 17 0 0 
0 0 0 0 1 0 0 
ccr: 0.536327
mae: 0.517551

Ejecucion 23
NHO: 32
cm
0 0 2 3 0 0 0 
0 1 22 17 1 0 0 
0 2 198 156 8 0 0 
0 1 117 397 35 0 0 
0 0 5 154 61 0 0 
0 0 0 33 11 0 0 
0 0 0 0 1 0 0 
ccr: 0.536327
mae: 0.524898

Ejecucion 24
NHO: 32
cm
0 0 2 3 0 0 0 
0 3 22 15 1 0 0 
0 3 191 167 3 0 0 
1 2 98 423 26 0 0 
0 0 9 160 51 0 0 
0 0 2 27 15 0 0 
0 0 0 1 0 0 0 
ccr: 0.545306
mae: 0.515102

Ejecucion 25
NHO: 32
cm
0 0 3 2 0 0 0 
0 0 24 16 1 0 0 
0 0 225 137 3 0 0 
0 0 116 403 30 0 0 
0 0 13 160 47 0 0 
0 0 2 32 10 0 0 
0 0 0 0 1 0 0 
ccr: 0.551020
mae: 0.512653

Ejecucion 26
NHO: 32
cm
0 0 3 2 0 0 0 
0 1 26 12 2 0 0 
0 2 220 139 4 0 0 
1 0 112 404 32 0 0 
0 0 11 161 48 0 0 
0 0 1 36 7 0 0 
0 0 0 0 1 0 0 
ccr: 0.549388
mae: 0.515102

Ejecucion 27
NHO: 32
cm
0 0 3 2 0 0 0 
0 0 23 16 2 0 0 
0 1 229 133 2 0 0 
0 0 117 401 31 0 0 
0 0 12 158 50 0 0 
0 0 1 34 9 0 0 
0 0 0 0 1 0 0 
ccr: 0.555102
mae: 0.508571

Ejecucion 28
NHO: 32
cm
2 0 2 1 0 0 0 
1 0 25 15 0 0 0 
2 1 190 165 6 0 0 
0 0 117 399 34 0 0 
0 0 13 162 45 0 0 
0 0 4 21 19 0 0 
0 0 0 1 0 0 0 
ccr: 0.519184
mae: 0.538776

Ejecucion 29
NHO: 32
cm
2 1 1 1 0 0 0 
0 2 23 16 0 0 0 
1 7 204 146 6 0 0 
0 3 115 399 33 0 0 
0 0 8 155 55 2 0 
0 0 1 20 22 1 0 
0 0 0 1 0 0 0 
ccr: 0.541224
mae: 0.508571

Ejecucion 30
NHO: 32
cm
2 0 2 1 0 0 0 
1 1 25 13 1 0 0 
1 4 198 154 7 0 0 
1 0 117 394 38 0 0 
0 0 8 153 59 0 0 
0 0 1 25 18 0 0 
0 0 0 1 0 0 0 
ccr: 0.533878
mae: 0.520000

